,training.top_k_forward_reward.top_1_forward_reward,training.top_k_reward.top_1_reward,training.top_k_ctrl_reward.top_0_ctrl_reward,_step,_runtime,training.run_id,training.top_k_fit.top_2_fit,training.evaluation_time,training.top_k_healthy_reward.top_0_healthy_reward,training.fitness_std,training.top_k_fit.top_1_fit,training.top_k_reward.top_2_reward,training.fitness_mean,training.top_k_forward_reward.top_2_forward_reward,training.fitness_1q,training.top_k_reward.top_0_reward,training.top_k_healthy_reward.top_1_healthy_reward,training.generation,training.fitness_median,training.top_k_ctrl_reward.top_2_ctrl_reward,training.top_k_forward_reward.top_0_forward_reward,training.top_k_healthy_reward.top_2_healthy_reward,training.fitness_3q,training.top_k_fit.top_0_fit,_timestamp,training.top_k_ctrl_reward.top_1_ctrl_reward,solver,ea,fitness,environment,seed,training.evaluation
0,0.00926752109080553,876.4327392578125,-56.73328399658203,0,23.74217391014099,105,838.0370483398438,20.573978424072266,999,391.2629699707031,879.207275390625,841.1730346679688,166.89239501953125,0.8672067523002625,427.4738464355469,941.5953369140625,999,0,199.49722290039062,-156.60987854003906,1.4119973182678223,999,-132.75521850585938,944.0428466796875,1693582163.288087,-120.51891326904297,lgp-long,mu+lambda-ga,reward-unhealthy_termination,ant,105,0
1,-0.8073484301567078,936.6715087890625,-0.058002568781375885,1,27.914944410324097,105,969.3857421875,3.942946672439575,999,9994.5302734375,995.4276733398438,967.0037231445312,-600.4071655273438,0.5800020098686218,667.38232421875,996.6949462890625,999,1,419.40045166015625,-30.454608917236328,-0.15901648998260498,999,141.35067749023438,996.793701171875,1693582167.4608574,-59.435768127441406,lgp-long,mu+lambda-ga,reward-unhealthy_termination,ant,105,100
2,0.14940443634986877,997.0604858398438,0.0,2,32.02118396759033,105,996.8251953125,4.006887912750244,999,270.5582580566406,997.0455932617188,996.6990356445312,670.8861083984375,-0.21218541264533997,930.2332763671875,997.0791015625,999,2,680.0845947265625,-8.310018529300578e-06,0.16216343641281128,999,565.991943359375,997.0556030273438,1693582171.567097,-1.0044513146567624e-05,lgp-long,mu+lambda-ga,reward-unhealthy_termination,ant,105,200
3,-0.06011754274368286,996.8572387695312,-9.226495421899017e-06,3,36.12872385978699,105,996.9760131835938,3.9845378398895264,999,320.6620788574219,996.9996337890625,996.9745483398438,600.6744995117188,0.0614965446293354,885.4169311523438,997.2413940429688,999,3,634.99169921875,-2.475606197549496e-05,0.324043333530426,999,416.3585205078125,997.371337890625,1693582175.6746368,-1.2999310456507374e-05,lgp-long,mu+lambda-ga,reward-unhealthy_termination,ant,105,300
4,-0.016088752076029778,996.83837890625,-0.05856927111744881,4,40.23580360412598,105,996.6740112304688,3.9821670055389404,999,317.2045593261719,996.78857421875,996.6345825195312,609.6556396484375,-0.22087593376636505,861.94873046875,996.9523315429688,999,4,665.703857421875,-0.058002568781375885,0.09585175663232803,999,418.5855712890625,996.922119140625,1693582179.7817166,-0.058028675615787506,lgp-long,mu+lambda-ga,reward-unhealthy_termination,ant,105,400
5,-0.1035553365945816,996.6970825195312,0.0,5,44.345365047454834,105,996.9739379882812,3.977736234664917,999,313.61236572265625,997.0231323242188,997.1135864257812,629.0999755859375,0.32205435633659363,886.1124267578125,997.4303588867188,999,5,697.4853515625,-0.11604715883731842,0.5210885405540466,999,411.9842224121094,997.3701171875,1693582183.891278,-0.11600513756275177,lgp-long,mu+lambda-ga,reward-unhealthy_termination,ant,105,500
6,0.20861171185970306,997.1251220703125,-1.2373772733553778e-05,6,48.451488733291626,105,997.1380004882812,3.978313446044922,999,326.1053771972656,997.1444702148438,997.02587890625,585.3655395507812,0.1100674644112587,847.4021606445312,997.1827392578125,999,6,611.7319946289062,0.0,0.26975247263908386,999,382.82733154296875,997.2329711914062,1693582187.9974017,0.0,lgp-long,mu+lambda-ga,reward-unhealthy_termination,ant,105,600
7,0.01411364134401083,996.9313354492188,0.0,7,52.77046227455139,105,997.3484497070312,4.270575523376465,999,291.96728515625,997.3882446289062,997.2609252929688,708.0673828125,0.34523478150367737,989.2386474609375,997.3046264648438,999,7,717.5450439453125,-1.83883876161417e-05,0.3897187411785126,999,495.3135681152344,997.5032958984375,1693582192.3163753,-1.2196660463814624e-05,lgp-long,mu+lambda-ga,reward-unhealthy_termination,ant,105,700
8,0.16783729195594788,997.0773315429688,-8.781905307841953e-06,8,57.17322564125061,105,997.0325927734375,4.316078186035156,999,10021.349609375,997.1219482421875,997.0271606445312,-332.3616027832031,0.1151617094874382,963.98876953125,997.0681762695312,999,8,706.2047119140625,0.0,0.1536523848772049,999,463.2238464355469,997.1927490234375,1693582196.7191386,-1.1981942407146562e-05,lgp-long,mu+lambda-ga,reward-unhealthy_termination,ant,105,800
9,0.23129430413246155,997.1463012695312,0.0,9,61.37854623794556,105,997.1780395507812,4.111953258514404,999,257.5061340332031,997.2619018554688,997.0823364257812,737.977783203125,0.16357217729091644,996.5494995117188,997.1249389648438,999,9,724.40771484375,0.0,0.2128584235906601,999,533.1040649414062,997.2755126953125,1693582200.9244592,-1.1258857739449013e-05,lgp-long,mu+lambda-ga,reward-unhealthy_termination,ant,105,900
10,0.2992028295993805,997.2180786132812,-1.0565746379143093e-05,10,65.58848237991333,105,997.1875,4.1279520988464355,999,312.57904052734375,997.2658081054688,997.2322387695312,672.6341552734375,0.31216976046562195,981.7493286132812,997.1388549804688,999,10,705.0003662109375,-1.3318453966348898e-05,0.22698011994361877,999,514.3320922851562,997.2777099609375,1693582205.1343954,-1.2229786079842597e-05,lgp-long,mu+lambda-ga,reward-unhealthy_termination,ant,105,1000
11,0.39121800661087036,997.3031616210938,0.0,11,69.7953474521637,105,997.1441650390625,4.123726844787598,999,269.3770446777344,997.1508178710938,997.0197143554688,653.1046752929688,0.10315687954425812,902.5547485351562,996.9918823242188,999,11,683.4078369140625,-7.301518053282052e-06,0.07495523989200592,999,472.24212646484375,997.3063354492188,1693582209.3412604,-1.6885520381038077e-05,lgp-long,mu+lambda-ga,reward-unhealthy_termination,ant,105,1100
12,0.09613901376724243,997.0100708007812,-0.00016133999451994896,12,74.00128269195557,105,997.128662109375,4.109404563903809,999,301.1042785644531,997.2020263671875,997.1047973632812,694.079833984375,0.19232860207557678,993.0970458984375,997.2203979492188,999,12,706.7900390625,-1.754025106492918e-05,0.3118886947631836,999,498.9226379394531,997.3360595703125,1693582213.5471957,-3.1205116101773456e-05,lgp-long,mu+lambda-ga,reward-unhealthy_termination,ant,105,1200
13,0.29154086112976074,997.208984375,-7.1245422077481635e-06,13,78.21245622634888,105,997.1768798828125,4.106095790863037,999,10021.921875,997.1968383789062,997.0431518554688,-337.6025695800781,0.12555332481861115,992.815673828125,997.177734375,999,13,696.5782470703125,-1.2129316928621847e-05,0.2670646607875824,999,432.04583740234375,997.2279052734375,1693582217.7583692,-1.7164637029054575e-05,lgp-long,mu+lambda-ga,reward-unhealthy_termination,ant,105,1300
14,0.38298100233078003,997.2958984375,-1.3447276614897419e-05,14,82.42029523849487,105,997.2227172851562,4.104114055633545,999,250.4893341064453,997.3007202148438,997.1736450195312,760.3519897460938,0.2626877725124359,996.568115234375,997.1942749023438,999,14,809.7568969726562,-1.2214317393954843e-05,0.2836293578147888,999,638.034423828125,997.3735961914062,1693582221.9662082,-8.30514090921497e-06,lgp-long,mu+lambda-ga,reward-unhealthy_termination,ant,105,1400
15,0.6772061586380005,996.9177856445312,-0.30003002285957336,15,86.62876796722412,105,997.1876220703125,4.107679843902588,999,303.7850646972656,997.1972045898438,996.98681640625,695.3086547851562,0.07634326815605164,996.6002807617188,997.49853515625,999,15,706.2669067382812,-1.8660097339306958e-05,0.8818175196647644,999,478.42633056640625,997.4007568359375,1693582226.174681,-0.6745592951774597,lgp-long,mu+lambda-ga,reward-unhealthy_termination,ant,105,1500
16,0.21588066220283508,997.1373291015625,-0.5707306861877441,16,90.84012150764465,105,997.2894287109375,4.097016334533691,999,311.45574951171875,997.3491821289062,997.3163452148438,697.4418334960938,1.2777979373931885,990.0584716796875,997.5333251953125,999,16,708.683837890625,-0.8837776184082031,1.189918875694275,999,497.26776123046875,997.5191040039062,1693582230.3860345,-1.2796447663276922e-05,lgp-long,mu+lambda-ga,reward-unhealthy_termination,ant,105,1600
17,0.31660810112953186,939.2894897460938,-0.6626440286636353,17,95.04535388946533,105,997.2603759765625,4.096037864685059,999,336.4625549316406,997.436279296875,997.20703125,621.7276611328125,0.4102325439453125,988.2088012695312,997.3536987304688,999,17,693.6177978515625,-0.11901497095823288,1.0900893211364746,999,369.3688049316406,997.675048828125,1693582234.5912669,-57.944793701171875,lgp-long,mu+lambda-ga,reward-unhealthy_termination,ant,105,1700
18,1.2508310079574585,998.1051025390625,-0.6719352602958679,18,99.25296878814697,105,997.4713134765625,4.112529754638672,999,306.76861572265625,998.0145874023438,997.5588989257812,678.072021484375,1.466490626335144,986.8612060546875,997.8658447265625,999,18,707.7039794921875,-0.8335553407669067,1.6072412729263306,999,499.02313232421875,998.0798950195312,1693582238.7988818,-0.061166346073150635,lgp-long,mu+lambda-ga,reward-unhealthy_termination,ant,105,1800
19,2.1984927654266357,997.8121948242188,-0.07641979306936264,19,103.46195411682129,105,997.7477416992188,4.109015464782715,999,295.05426025390625,997.7951049804688,997.41943359375,641.7742309570312,1.3558601140975952,924.8543090820312,997.9978637695312,999,19,672.7561645507812,-0.8691765666007996,1.16002357006073,999,485.9087219238281,998.0863647460938,1693582243.007867,-1.3239139318466187,lgp-long,mu+lambda-ga,reward-unhealthy_termination,ant,105,1900
20,1.256520390510559,997.4358520507812,-0.05751970037817955,20,107.66912579536438,105,997.530029296875,4.137022972106934,999,290.1983947753906,997.6690673828125,997.7921752929688,642.7047119140625,1.4617645740509033,935.8815307617188,997.7662353515625,999,20,686.0858154296875,-0.6020901799201965,0.9086087346076965,999,436.193603515625,997.788818359375,1693582247.2150388,-0.7500681281089783,lgp-long,mu+lambda-ga,reward-unhealthy_termination,ant,105,2000
21,1.4910660982131958,997.5549926757812,-0.05500929430127144,21,111.87662124633789,105,997.5950927734375,4.136636257171631,999,318.76141357421875,997.63720703125,997.5626220703125,672.1660766601562,1.2779455184936523,984.5867919921875,998.033203125,999,21,720.2261962890625,-0.6484500765800476,1.1728935241699219,999,441.91119384765625,998.0081176757812,1693582251.4225342,-0.8603048324584961,lgp-long,mu+lambda-ga,reward-unhealthy_termination,ant,105,2100
22,1.4467090368270874,997.5505981445312,-0.06551899760961533,22,116.08401322364807,105,997.9168090820312,4.1344780921936035,999,353.0607604980469,998.0278930664062,997.66064453125,635.0360107421875,1.8638525009155273,985.5435180664062,998.0596923828125,999,22,703.792724609375,-1.1365060806274414,1.2116273641586304,999,385.1020812988281,998.3504638671875,1693582255.6299262,-0.8217867016792297,lgp-long,mu+lambda-ga,reward-unhealthy_termination,ant,105,2200
23,1.6442145109176636,997.8466796875,-1.7213362455368042,23,120.29227232933044,105,997.9537353515625,4.13623571395874,999,313.810791015625,997.9864501953125,997.9552612304688,672.5280151367188,1.0949630737304688,988.3065795898438,997.9943237304688,999,23,707.7954711914062,-0.053385086357593536,2.7709763050079346,999,435.752685546875,998.0386352539062,1693582259.8381853,-0.7287759184837341,lgp-long,mu+lambda-ga,reward-unhealthy_termination,ant,105,2300
24,1.083039402961731,997.9342041015625,-1.069583535194397,24,124.49989128112793,105,997.8997802734375,4.140631198883057,999,307.6227111816406,997.9072265625,997.8762817382812,665.1325073242188,1.6039892435073853,938.806396484375,997.7390747070312,999,24,702.1993408203125,-0.6575353741645813,1.8815460205078125,999,504.96453857421875,997.9632568359375,1693582264.0458043,-0.06238747388124466,lgp-long,mu+lambda-ga,reward-unhealthy_termination,ant,105,2400
25,0.9988903999328613,997.8572387695312,-0.8547117114067078,25,128.7072024345398,105,997.669677734375,4.140878200531006,999,287.1121520996094,997.7911987304688,997.2152709960938,692.4940185546875,1.0131081342697144,984.93896484375,997.7142944335938,999,25,721.6696166992188,-0.7251781225204468,1.6407922506332397,999,461.2488708496094,997.8589477539062,1693582268.2531154,-0.05527263507246971,lgp-long,mu+lambda-ga,reward-unhealthy_termination,ant,105,2500
26,1.2053877115249634,998.0458374023438,-0.8038498759269714,26,132.91509437561035,105,998.1961669921875,4.140639305114746,999,293.2265319824219,998.2159423828125,998.1480712890625,732.8756103515625,1.2855018377304077,994.64892578125,998.1586303710938,999,26,854.631103515625,-0.05123571306467056,2.0299553871154785,999,517.5347900390625,998.3811645507812,1693582272.4610074,-0.0740826278924942,lgp-long,mu+lambda-ga,reward-unhealthy_termination,ant,105,2600
27,1.1849769353866577,998.0374145507812,-1.0063531398773193,27,137.122403383255,105,998.1641235351562,4.140672206878662,999,330.65130615234375,998.1722412109375,998.2083129882812,647.0184326171875,1.3541496992111206,989.7265625,998.0626220703125,999,27,702.938720703125,-0.060578882694244385,2.1355819702148438,999,411.88568115234375,998.2685546875,1693582276.6683164,-0.06333726644515991,lgp-long,mu+lambda-ga,reward-unhealthy_termination,ant,105,2700
28,1.8537009954452515,997.9400634765625,-0.05682451277971268,28,141.3299686908722,105,997.9618530273438,4.141361236572266,999,10022.158203125,998.0286865234375,998.0603637695312,-325.47454833984375,1.2235544919967651,987.4733276367188,998.25537109375,999,28,714.348388671875,-0.0765371024608612,1.3988580703735352,999,458.5062255859375,998.4169311523438,1693582280.8758817,-0.8474586606025696,lgp-long,mu+lambda-ga,reward-unhealthy_termination,ant,105,2800
29,1.1518076658248901,998.0062866210938,-0.08015526086091995,29,145.53772854804993,105,998.0693969726562,4.1409525871276855,999,288.7061462402344,998.0814208984375,998.0364379882812,763.2258911132812,1.1830804347991943,997.01708984375,998.1080932617188,999,29,929.2125244140625,-0.06047865375876427,1.2757214307785034,999,557.67822265625,998.0945434570312,1693582285.0836415,-0.059581317007541656,lgp-long,mu+lambda-ga,reward-unhealthy_termination,ant,105,2900
30,1.9516130685806274,997.8803100585938,-0.07539035379886627,30,149.7454867362976,105,997.9683837890625,4.140373706817627,999,255.63717651367188,998.0872802734375,997.84521484375,760.94482421875,1.0088932514190674,990.9847412109375,998.0673828125,999,30,847.083740234375,-0.07730232924222946,1.2285997867584229,999,676.276123046875,998.111083984375,1693582289.2913997,-1.0080652236938477,lgp-long,mu+lambda-ga,reward-unhealthy_termination,ant,105,3000
31,1.21941339969635,998.0905151367188,-0.06207037717103958,31,153.95266914367676,105,998.1201782226562,4.1416850090026855,999,14099.740234375,998.2046508789062,998.0838012695312,-1322.04736328125,1.2231310606002808,977.9794311523438,998.2130126953125,999,31,706.2999877929688,-0.05348280817270279,1.360996127128601,999,498.564208984375,998.2186889648438,1693582293.4985821,-0.04324988275766373,lgp-long,mu+lambda-ga,reward-unhealthy_termination,ant,105,3100
32,1.3745863437652588,998.2268676757812,-0.8537001013755798,32,158.1603422164917,105,998.3555297851562,4.14085054397583,999,323.7991943359375,998.357177734375,998.2529296875,651.8406372070312,1.404832124710083,992.4644165039062,998.9168090820312,999,32,707.7088623046875,-0.06733661144971848,2.831878423690796,999,465.77398681640625,998.5883178710938,1693582297.7062552,-0.06297589093446732,lgp-long,mu+lambda-ga,reward-unhealthy_termination,ant,105,3200
33,1.336394190788269,998.2080078125,-0.05515546351671219,33,162.3698287010193,105,998.1443481445312,4.139989852905273,999,14100.3701171875,998.1632690429688,998.2081909179688,-1320.4459228515625,1.348596215248108,996.26513671875,998.1139526367188,999,33,707.76171875,-0.053799744695425034,1.2547714710235596,999,479.44970703125,998.3297119140625,1693582301.9157417,-0.04230461269617081,lgp-long,mu+lambda-ga,reward-unhealthy_termination,ant,105,3300
34,2.8405661582946777,998.9026489257812,-0.5343882441520691,34,166.577214717865,105,998.75537109375,4.12265682220459,999,251.38807678222656,999.0443115234375,998.802734375,790.1106567382812,2.3541367053985596,997.0609741210938,999.0302734375,999,34,934.9269409179688,-0.5242595672607422,2.601903200149536,999,657.95263671875,999.11181640625,1693582306.1231277,-0.9209365844726562,lgp-long,mu+lambda-ga,reward-unhealthy_termination,ant,105,3400
35,1.8802835941314697,998.2195434570312,-0.8314914703369141,35,170.7850639820099,105,998.4022216796875,4.117452621459961,999,244.01223754882812,998.428466796875,998.56005859375,773.1100463867188,2.168792963027954,996.840576171875,998.6124267578125,999,35,836.00341796875,-0.5598660707473755,2.485725164413452,999,611.6282958984375,998.8104248046875,1693582310.330977,-0.5901933908462524,lgp-long,mu+lambda-ga,reward-unhealthy_termination,ant,105,3500
36,2.0638139247894287,998.4633178710938,-0.8836548924446106,36,174.99333357810974,105,998.450439453125,4.115769386291504,999,10024.375,998.6005249023438,998.5150756835938,-291.6846923828125,2.1291887760162354,990.08935546875,998.49853515625,999,36,711.6326904296875,-0.55876624584198,2.4094903469085693,999,503.6429748535156,998.6390991210938,1693582314.5392466,-0.5354756712913513,lgp-long,mu+lambda-ga,reward-unhealthy_termination,ant,105,3600
37,2.512608289718628,998.7924194335938,-0.9452306032180786,37,179.20142555236816,105,998.3760986328125,4.115472793579102,999,19725.044921875,998.8555297851562,998.4468994140625,-3379.66650390625,2.2296502590179443,939.9848022460938,998.8565673828125,999,37,682.5790405273438,-0.7557011246681213,2.8471171855926514,999,422.096923828125,999.0000610351562,1693582318.7473385,-0.7044014930725098,lgp-long,mu+lambda-ga,reward-unhealthy_termination,ant,105,3700
38,2.349015951156616,998.7392578125,-1.130873680114746,38,183.41043782234192,105,998.7047729492188,4.117441177368164,999,233.80397033691406,998.8171997070312,998.7091674804688,834.2054443359375,2.4441611766815186,997.8717041015625,998.5830078125,999,38,969.9035034179688,-0.7032721638679504,2.7654473781585693,999,704.2940063476562,998.9307250976562,1693582322.9563508,-0.5823152661323547,lgp-long,mu+lambda-ga,reward-unhealthy_termination,ant,105,3800
39,2.1327626705169678,998.2559814453125,-0.6954500079154968,39,187.62001967430115,105,998.4091186523438,4.117100715637207,999,242.90574645996094,998.4761352539062,998.7057495117188,765.9398193359375,2.429548740386963,996.21875,998.8623046875,999,39,716.4774169921875,-0.6776215434074402,2.5871810913085938,999,663.803955078125,998.7119140625,1693582327.1659327,-0.8209194540977478,lgp-long,mu+lambda-ga,reward-unhealthy_termination,ant,105,3900
40,3.0676515102386475,999.0028686523438,-0.9439032673835754,40,191.8294162750244,105,998.9839477539062,4.116744518280029,999,280.03668212890625,999.2317504882812,998.6443481445312,728.1143798828125,2.2811553478240967,988.244384765625,999.1776733398438,999,40,731.864990234375,-0.5990909934043884,3.1258487701416016,999,552.486572265625,999.5291137695312,1693582331.3753293,-1.0366885662078857,lgp-long,mu+lambda-ga,reward-unhealthy_termination,ant,105,4000
41,1.6974287033081055,997.3663940429688,-0.8721227049827576,41,196.03721165657043,105,999.102783203125,4.1163010597229,999,280.00665283203125,999.12060546875,998.8638916015625,732.6763916015625,2.450894355773926,994.415771484375,999.453125,999,41,726.0751953125,-0.5619086623191833,3.3314743041992188,999,598.6834106445312,999.4950561523438,1693582335.5831246,-1.30845308303833,lgp-long,mu+lambda-ga,reward-unhealthy_termination,ant,105,4100
42,3.9672722816467285,999.6934814453125,-0.9386622309684753,42,200.24578881263733,105,998.3605346679688,4.118283271789551,999,302.3437805175781,999.7559204101562,998.3156127929688,743.7676391601562,1.7421009540557861,996.867919921875,999.6808471679688,999,42,849.4713134765625,-0.37020230293273926,3.6268842220306396,999,624.0220947265625,1000.0364379882812,1693582339.7917018,-1.2621688842773438,lgp-long,mu+lambda-ga,reward-unhealthy_termination,ant,105,4200
43,2.464965581893921,998.8538208007812,-0.9154869318008423,43,204.45374083518982,105,998.6712646484375,4.117730617523193,999,311.5980529785156,998.7997436523438,998.9693603515625,715.1395263671875,2.870725631713867,995.6377563476562,998.6363525390625,999,43,730.8785400390625,-0.8820465207099915,2.5770938396453857,999,497.1783142089844,998.8508911132812,1693582343.9996538,-0.5940446853637695,lgp-long,mu+lambda-ga,reward-unhealthy_termination,ant,105,4300
44,1.8893126249313354,998.3883666992188,-0.7222185134887695,44,208.66224312782288,105,998.2763061523438,4.113004684448242,999,247.94337463378906,998.3971557617188,998.2506713867188,771.3671875,1.882168173789978,995.1133422851562,998.6697387695312,999,44,856.3414306640625,-0.5851538777351379,2.4409775733947754,999,643.1949462890625,998.54150390625,1693582348.208156,-0.4559153616428375,lgp-long,mu+lambda-ga,reward-unhealthy_termination,ant,105,4400
45,2.448343276977539,998.3445434570312,-1.0617731809616089,45,212.87173581123352,105,998.639892578125,4.109491348266602,999,229.91915893554688,998.8954467773438,998.7225952148438,761.116455078125,2.2300267219543457,996.3991088867188,999.22705078125,999,45,745.7091674804688,-0.47426319122314453,3.3097195625305176,999,625.8561401367188,999.1328735351562,1693582352.4176488,-1.0936579704284668,lgp-long,mu+lambda-ga,reward-unhealthy_termination,ant,105,4500
46,3.058392286300659,998.9518432617188,-0.6873862147331238,46,217.07866191864014,105,998.9822998046875,4.110219478607178,999,14109.86328125,999.3436279296875,998.7938842773438,-1247.4918212890625,2.6548502445220947,996.5608520507812,999.2843627929688,999,46,862.526123046875,-0.8239006400108337,2.9915177822113037,999,565.7894897460938,999.4669189453125,1693582356.624575,-1.0840165615081787,lgp-long,mu+lambda-ga,reward-unhealthy_termination,ant,105,4600
47,3.1442246437072754,999.1939697265625,-1.0818824768066406,47,221.28785300254822,105,998.9743041992188,4.111855983734131,999,269.603759765625,999.3383178710938,999.1508178710938,732.2816772460938,2.9462525844573975,996.0272216796875,999.6065673828125,999,47,716.642578125,-0.7946224212646484,3.686972141265869,999,579.6229248046875,999.9112548828125,1693582360.833766,-0.9257113337516785,lgp-long,mu+lambda-ga,reward-unhealthy_termination,ant,105,4700
48,2.9835877418518066,998.6414184570312,-0.7813481688499451,48,225.49795985221863,105,998.6507568359375,4.109838008880615,999,10023.84375,998.6641235351562,998.5181884765625,-308.3034362792969,2.2328906059265137,981.015625,999.0045166015625,999,48,706.8734741210938,-0.6771705746650696,2.829925537109375,999,583.60400390625,999.2096557617188,1693582365.0438728,-1.338594675064087,lgp-long,mu+lambda-ga,reward-unhealthy_termination,ant,105,4800
49,3.124523162841797,999.2780151367188,-0.9697416424751282,49,229.70619583129883,105,999.3712768554688,4.111384391784668,999,10029.375,999.5739135742188,998.6691284179688,-241.5692138671875,2.423323154449463,996.95654296875,999.314453125,999,49,881.43017578125,-0.7397508025169373,3.2987568378448486,999,603.0107421875,999.8062744140625,1693582369.2521088,-0.8380659222602844,lgp-long,mu+lambda-ga,reward-unhealthy_termination,ant,105,4900
50,3.14640736579895,999.0699462890625,-0.7906776666641235,50,233.9143991470337,105,999.0553588867188,4.115501403808594,999,244.09713745117188,999.1419067382812,999.1303100585938,802.9329223632812,2.84873628616333,997.1592407226562,998.95361328125,999,50,907.8507690429688,-0.7242711186408997,2.7656686305999756,999,691.040283203125,999.17724609375,1693582373.4603121,-1.0793514251708984,lgp-long,mu+lambda-ga,reward-unhealthy_termination,ant,105,5000
51,2.6192519664764404,998.7515869140625,-0.7236294150352478,51,238.12298226356506,105,999.1566772460938,4.116839408874512,999,10028.060546875,999.2196655273438,998.8731689453125,-260.6304626464844,2.6617274284362793,996.4616088867188,999.3645629882812,999,51,715.2894287109375,-0.787621259689331,3.0595359802246094,999,633.24951171875,999.330078125,1693582377.6688952,-0.8627934455871582,lgp-long,mu+lambda-ga,reward-unhealthy_termination,ant,105,5100
52,2.7375710010528564,999.1044311523438,-0.8333505988121033,52,242.33085799217224,105,998.9803466796875,4.117508888244629,999,219.48106384277344,999.4254150390625,998.9130859375,822.145751953125,2.927452802658081,997.0279541015625,999.1995239257812,999,52,966.3671875,-1.0179738998413086,3.049578905105591,999,694.1251220703125,999.7639770507812,1693582381.876771,-0.6300163269042969,lgp-long,mu+lambda-ga,reward-unhealthy_termination,ant,105,5200
53,3.135716199874878,999.1984252929688,-0.7518243789672852,53,246.53861927986145,105,999.2847900390625,4.112832546234131,999,264.4105529785156,999.4473266601562,999.3971557617188,767.1255493164062,3.1787211894989014,996.397216796875,999.2970581054688,999,53,854.2132568359375,-0.8000736236572266,3.019251585006714,999,674.5015869140625,999.5266723632812,1693582386.0845323,-0.9381532669067383,lgp-long,mu+lambda-ga,reward-unhealthy_termination,ant,105,5300
54,3.3510804176330566,999.1268920898438,-0.580638587474823,54,250.74615478515625,105,999.1721801757812,4.1119866371154785,999,10024.9697265625,999.3607788085938,998.9191284179688,-288.9713134765625,2.6913204193115234,993.0159301757812,999.11767578125,999,54,707.7894287109375,-0.7774218916893005,2.6873395442962646,999,532.753662109375,999.415771484375,1693582390.2920678,-1.2169857025146484,lgp-long,mu+lambda-ga,reward-unhealthy_termination,ant,105,5400
55,3.048707962036133,999.3324584960938,-0.6476089358329773,55,254.95444083213806,105,999.3963623046875,4.112776279449463,999,259.7572021484375,999.4374389648438,999.4918823242188,764.7887573242188,3.126274824142456,996.8809814453125,999.0051879882812,999,55,834.2510986328125,-0.6679683923721313,2.6526012420654297,999,631.93603515625,999.4762573242188,1693582394.5003538,-0.753828763961792,lgp-long,mu+lambda-ga,reward-unhealthy_termination,ant,105,5500
56,3.127005100250244,999.3504028320312,-0.7956640124320984,56,259.16206669807434,105,999.5030517578125,4.111199855804443,999,268.817626953125,999.575439453125,999.2849731445312,738.9323120117188,3.1896438598632812,992.1994018554688,999.4509887695312,999,56,746.9805297851562,-0.9407092928886414,3.230356216430664,999,586.596435546875,999.6143798828125,1693582398.7079797,-0.7987181544303894,lgp-long,mu+lambda-ga,reward-unhealthy_termination,ant,105,5600
57,2.721360683441162,999.0822143554688,-0.6480439305305481,57,263.36976170539856,105,999.219970703125,4.1089911460876465,999,10024.80078125,999.4697265625,999.1432495117188,-292.4372253417969,2.7712223529815674,985.7849731445312,998.9873046875,999,57,711.8565063476562,-0.6318526864051819,2.6343271732330322,999,520.8763427734375,999.6837768554688,1693582402.9156747,-0.6591091156005859,lgp-long,mu+lambda-ga,reward-unhealthy_termination,ant,105,5700
58,3.0405030250549316,999.3010864257812,-0.7796940803527832,58,267.5783226490021,105,999.3783569335938,4.111410140991211,999,236.1827850341797,999.4061279296875,999.2536010742188,807.330078125,2.9491469860076904,997.06201171875,999.2760620117188,999,58,955.556640625,-0.7114720344543457,3.0296647548675537,999,656.7742309570312,999.49560546875,1693582407.1242356,-0.7598840594291687,lgp-long,mu+lambda-ga,reward-unhealthy_termination,ant,105,5800
59,2.905107021331787,999.0648803710938,-0.6639341711997986,59,271.78480553627014,105,999.1826171875,4.113232135772705,999,265.91064453125,999.3224487304688,999.1527709960938,696.0513916015625,2.973457098007202,971.0692138671875,999.1067504882812,999,59,706.100341796875,-0.8430358171463013,2.7700576782226562,999,516.9523315429688,999.3482666015625,1693582411.3307185,-0.8558608889579773,lgp-long,mu+lambda-ga,reward-unhealthy_termination,ant,105,5900
60,3.0864386558532715,999.3329467773438,-1.0236363410949707,60,275.9930274486542,105,999.4413452148438,4.110599040985107,999,317.64068603515625,999.4639892578125,999.2648315429688,645.872802734375,2.8957364559173584,981.3807373046875,999.8314819335938,999,60,690.474853515625,-0.6456747055053711,3.8289272785186768,999,404.34576416015625,999.866455078125,1693582415.5389404,-0.7913739085197449,lgp-long,mu+lambda-ga,reward-unhealthy_termination,ant,105,6000
61,2.973661422729492,999.3319702148438,-0.8599481582641602,61,280.20188784599304,105,999.3017578125,4.110723972320557,999,10022.3349609375,999.3381958007812,999.2472534179688,-329.33038330078125,3.0052144527435303,983.7166137695312,999.6398315429688,999,61,715.71240234375,-0.7729124426841736,3.462803363800049,999,486.46807861328125,999.7256469726562,1693582419.7478008,-0.6608431339263916,lgp-long,mu+lambda-ga,reward-unhealthy_termination,ant,105,6100
62,2.9536914825439453,999.2703247070312,-0.6478967666625977,62,284.40994143486023,105,999.3033447265625,4.11144495010376,999,289.0950012207031,999.3118896484375,999.0676879882812,745.4351196289062,2.783538579940796,996.6280517578125,999.3507690429688,999,62,859.0596313476562,-0.7395515441894531,3.0001351833343506,999,593.2622680664062,999.4686279296875,1693582423.9558544,-0.7186463475227356,lgp-long,mu+lambda-ga,reward-unhealthy_termination,ant,105,6200
63,2.358431339263916,998.8490600585938,-0.5894352793693542,63,288.7176179885864,105,999.1389770507812,4.202695846557617,999,297.3639831542969,999.185546875,998.9450073242188,670.2781982421875,2.6873602867126465,993.426025390625,998.8853759765625,999,63,702.2977294921875,-0.762775719165802,2.4857165813446045,999,424.7857666015625,999.2891235351562,1693582428.263531,-0.5274812579154968,lgp-long,mu+lambda-ga,reward-unhealthy_termination,ant,105,6300
64,2.602675199508667,998.9407348632812,-0.8002948760986328,64,292.9251444339752,105,999.1492919921875,4.135590553283691,999,303.17413330078125,999.3248901367188,999.1564331054688,688.7254638671875,3.0679497718811035,996.673828125,999.4873046875,999,64,705.4210205078125,-0.9416698813438416,3.248075485229492,999,508.4224548339844,999.5900268554688,1693582432.4710574,-0.688511312007904,lgp-long,mu+lambda-ga,reward-unhealthy_termination,ant,105,6400
65,2.7502758502960205,999.13916015625,-0.8082531094551086,65,297.13345527648926,105,999.3203735351562,4.1204304695129395,999,303.3330078125,999.3211669921875,999.4293823242188,706.0146484375,3.128018617630005,991.117431640625,999.0595092773438,999,65,729.2288818359375,-0.743073046207428,2.8453805446624756,999,520.7096557617188,999.4025268554688,1693582436.6793683,-0.6223241090774536,lgp-long,mu+lambda-ga,reward-unhealthy_termination,ant,105,6500
66,2.987377882003784,999.1817626953125,-0.6988637447357178,66,301.3418848514557,105,999.1621704101562,4.113823413848877,999,250.63377380371094,999.317138671875,998.7450561523438,742.4846801757812,2.3449108600616455,994.5162353515625,999.3131713867188,999,66,709.97607421875,-0.6127529144287109,2.9943206310272217,999,629.272216796875,999.6019287109375,1693582440.8877978,-0.8151552081108093,lgp-long,mu+lambda-ga,reward-unhealthy_termination,ant,105,6600
67,3.437608003616333,999.5769653320312,-0.9051687121391296,67,305.55020475387573,105,999.4564208984375,4.138685703277588,999,325.87786865234375,999.5306396484375,999.5177612304688,655.783203125,3.2740886211395264,992.0753173828125,999.2501831054688,999,67,699.39013671875,-0.8016476631164551,3.146791934967041,999,419.9736328125,999.84130859375,1693582445.0961177,-0.8877403140068054,lgp-long,mu+lambda-ga,reward-unhealthy_termination,ant,105,6700
68,2.649498462677002,998.9482421875,-0.6587144732475281,68,309.7580900192261,105,999.3158569335938,4.123900890350342,999,283.3801574707031,999.34033203125,999.2601928710938,736.13232421875,2.936751127243042,994.6489868164062,999.4440307617188,999,68,845.1416015625,-0.6918395757675171,3.083747625350952,999,587.1060791015625,999.4869384765625,1693582449.304003,-0.7129108309745789,lgp-long,mu+lambda-ga,reward-unhealthy_termination,ant,105,6800
69,2.432014226913452,998.85400390625,-0.735710084438324,69,313.9659676551819,105,999.1497802734375,4.117488384246826,999,278.6376953125,999.2344360351562,998.9147338867188,745.7216186523438,2.7626941204071045,995.598388671875,999.0487670898438,999,69,853.7927856445312,-0.869604766368866,2.773296356201172,999,654.2064208984375,999.3732299804688,1693582453.5118806,-0.5837275385856628,lgp-long,mu+lambda-ga,reward-unhealthy_termination,ant,105,6900
70,3.2348923683166504,999.3191528320312,-0.7063524723052979,70,318.17461133003235,105,999.3587036132812,4.120218276977539,999,302.584716796875,999.3607788085938,999.2819213867188,720.4009399414062,2.9346961975097656,993.9758911132812,999.2440795898438,999,70,739.5302734375,-0.6729669570922852,2.9283504486083984,999,572.24365234375,999.4046020507812,1693582457.7205243,-0.9494341015815735,lgp-long,mu+lambda-ga,reward-unhealthy_termination,ant,105,7000
71,3.401268720626831,999.4389038085938,-0.7868998050689697,71,322.38281440734863,105,999.3909301757812,4.114711761474609,999,284.0478820800781,999.49755859375,999.1954956054688,710.3884887695312,2.730661392211914,988.5975341796875,999.7400512695312,999,71,706.2752075195312,-0.5537216067314148,3.4921798706054688,999,557.294677734375,999.7802734375,1693582461.9287274,-0.993595540523529,lgp-long,mu+lambda-ga,reward-unhealthy_termination,ant,105,7100
72,2.363880157470703,998.8141479492188,-0.840029239654541,72,326.5908398628235,105,999.1437377929688,4.114067554473877,999,271.13262939453125,999.171630859375,999.0313720703125,758.7141723632812,2.679746389389038,995.49072265625,999.0126953125,999,72,821.8876953125,-0.664024293422699,2.8217732906341553,999,655.5315551757812,999.302001953125,1693582466.1367528,-0.5511640906333923,lgp-long,mu+lambda-ga,reward-unhealthy_termination,ant,105,7200
73,3.310995578765869,999.615234375,-0.6006227135658264,73,330.89794754981995,105,999.2352294921875,4.200592041015625,999,283.7165832519531,999.4995727539062,998.9744262695312,749.4340209960938,2.633918523788452,996.6177978515625,999.2770385742188,999,73,863.8461303710938,-0.6678420901298523,2.8677501678466797,999,565.5381469726562,999.7373046875,1693582470.4438605,-0.7278473973274231,lgp-long,mu+lambda-ga,reward-unhealthy_termination,ant,105,7300
74,3.324524402618408,999.5035400390625,-0.6857288479804993,74,335.1060392856598,105,999.6106567382812,4.122757434844971,999,299.5866394042969,999.7378540039062,999.2763061523438,721.5122680664062,3.0007035732269287,996.5076904296875,999.4130249023438,999,74,721.7586669921875,-0.7451835870742798,3.0804154872894287,999,560.378173828125,999.7835693359375,1693582474.6519523,-0.8546037673950195,lgp-long,mu+lambda-ga,reward-unhealthy_termination,ant,105,7400
75,2.873318910598755,999.0714721679688,-0.7717797160148621,75,339.3138885498047,105,999.1889038085938,4.116116046905518,999,264.1761474609375,999.2059326171875,999.1182861328125,734.7930908203125,2.916436195373535,995.92724609375,999.2439575195312,999,75,739.5966796875,-0.8105867505073547,2.998965263366699,999,607.9127197265625,999.588623046875,1693582478.8598015,-0.8283373713493347,lgp-long,mu+lambda-ga,reward-unhealthy_termination,ant,105,7500
76,3.3260159492492676,999.3973999023438,-0.9392997622489929,76,343.5222017765045,105,999.3736572265625,4.102862358093262,999,286.8219299316406,999.4759521484375,999.3976440429688,732.5687255859375,3.1330745220184326,996.1060180664062,999.6041259765625,999,76,823.8919677734375,-0.7634648084640503,3.506251096725464,999,601.3251953125,999.75,1693582483.0681148,-0.9754535555839539,lgp-long,mu+lambda-ga,reward-unhealthy_termination,ant,105,7600
77,2.8360917568206787,999.1459350585938,-0.7267889380455017,77,347.72930002212524,105,999.3207397460938,4.110488414764404,999,294.64556884765625,999.331298828125,998.9745483398438,725.6195068359375,3.1206188201904297,996.0582275390625,999.4638671875,999,77,711.6583251953125,-1.1857227087020874,3.1625752449035645,999,585.734130859375,999.5122680664062,1693582487.275213,-0.7066618800163269,lgp-long,mu+lambda-ga,reward-unhealthy_termination,ant,105,7700
78,3.2781567573547363,999.5352783203125,-1.7509526014328003,78,351.9387991428375,105,999.1390380859375,4.113295078277588,999,260.9454650878906,999.6995239257812,999.2297973632812,735.730712890625,2.976327657699585,995.2100830078125,999.6549072265625,999,78,707.6591796875,-0.7651731371879578,4.494378566741943,999,556.9769287109375,999.9063110351562,1693582491.4847121,-0.787733256816864,lgp-long,mu+lambda-ga,reward-unhealthy_termination,ant,105,7800
79,3.4975242614746094,999.4703369140625,-0.7923557162284851,79,356.1466600894928,105,999.4182739257812,4.113465785980225,999,360.1468200683594,999.5211181640625,997.0762939453125,712.9476318359375,1.1946547031402588,996.5850219726562,999.4210205078125,999,79,880.1237182617188,-1.1450543403625488,3.1805145740509033,999,495.6891784667969,999.7369384765625,1693582495.692573,-1.0667158365249634,lgp-long,mu+lambda-ga,reward-unhealthy_termination,ant,105,7900
80,3.4726295471191406,999.6461181640625,-0.8247019648551941,80,360.3547365665436,105,999.4082641601562,4.113703727722168,999,280.383544921875,999.5402221679688,998.7960815429688,739.7645263671875,2.373176336288452,995.791015625,999.41455078125,999,80,709.1817626953125,-0.5641327500343323,3.224281072616577,999,612.4738159179688,999.6594848632812,1693582499.9006495,-0.8750128149986267,lgp-long,mu+lambda-ga,reward-unhealthy_termination,ant,105,8000
81,2.8031458854675293,999.1420288085938,-1.0260741710662842,81,364.5626392364502,105,999.1170043945312,4.109310626983643,999,262.26275634765625,999.2146606445312,998.8937377929688,717.3815307617188,2.4944820404052734,989.8914184570312,999.0596923828125,999,81,704.2445068359375,-0.6092942953109741,3.062739610671997,999,585.7955322265625,999.2837524414062,1693582504.1085522,-0.6956564784049988,lgp-long,mu+lambda-ga,reward-unhealthy_termination,ant,105,8100
82,2.8127334117889404,999.2037963867188,-0.8574674725532532,82,368.7710118293762,105,999.0430908203125,4.109163761138916,999,288.311767578125,999.3765869140625,999.0778198242188,659.3370361328125,2.7860913276672363,976.321044921875,999.1550903320312,999,82,677.3969116210938,-0.7246901392936707,2.98858904838562,999,437.4678649902344,999.4283447265625,1693582508.3169248,-0.6337160468101501,lgp-long,mu+lambda-ga,reward-unhealthy_termination,ant,105,8200
83,3.0347352027893066,999.2429809570312,-0.5877968668937683,83,372.9770851135254,105,999.2111206054688,4.111994743347168,999,10023.2236328125,999.4114990234375,999.1065673828125,-319.2886657714844,2.807040214538574,993.715087890625,999.0810546875,999,83,708.130859375,-0.7088739275932312,2.6722097396850586,999,459.81158447265625,999.4124755859375,1693582512.522998,-0.820523738861084,lgp-long,mu+lambda-ga,reward-unhealthy_termination,ant,105,8300
84,3.1382930278778076,999.3515625,-0.8184539675712585,84,377.18655610084534,105,999.4874267578125,4.112656116485596,999,261.961181640625,999.60986328125,999.10791015625,753.6174926757812,2.812943458557129,997.1300048828125,999.2546997070312,999,84,713.017578125,-0.7177850008010864,3.0556838512420654,999,577.239013671875,999.783203125,1693582516.732469,-0.8111132979393005,lgp-long,mu+lambda-ga,reward-unhealthy_termination,ant,105,8400
85,3.2726681232452393,999.3421020507812,-0.6822616457939148,85,381.3923032283783,105,999.1984252929688,4.112951278686523,999,304.9263000488281,999.3075561523438,998.9456176757812,701.4547729492188,2.535797119140625,996.4555053710938,999.4730834960938,999,85,707.0106201171875,-0.6062659621238708,3.1422221660614014,999,496.85906982421875,999.3123168945312,1693582520.9382162,-0.9753968119621277,lgp-long,mu+lambda-ga,reward-unhealthy_termination,ant,105,8500
86,2.9435315132141113,999.21826171875,-0.8010622262954712,86,385.6006989479065,105,999.1532592773438,4.112329483032227,999,304.5307312011719,999.4066772460938,998.75537109375,708.7533569335938,2.361785650253296,996.5921630859375,999.4944458007812,999,86,706.6004638671875,-0.6313589811325073,3.2598373889923096,999,527.9058837890625,999.5692138671875,1693582525.146612,-0.7480002641677856,lgp-long,mu+lambda-ga,reward-unhealthy_termination,ant,105,8600
87,3.0215296745300293,999.1495361328125,-0.7105593681335449,87,389.8082482814789,105,999.24951171875,4.109619617462158,999,254.25628662109375,999.2718505859375,999.1467895507812,727.8607788085938,2.909961700439453,996.593994140625,999.3162231445312,999,87,706.3902587890625,-0.7838272452354431,2.991710662841797,999,562.8713989257812,999.5272216796875,1693582529.3541613,-0.9050503969192505,lgp-long,mu+lambda-ga,reward-unhealthy_termination,ant,105,8700
88,2.778228521347046,999.1400756835938,-1.784615159034729,88,394.01700711250305,105,999.3464965820312,4.111334800720215,999,347.09881591796875,999.3555297851562,999.2115478515625,663.3548583984375,2.8967111110687256,992.3192749023438,999.2190551757812,999,88,702.2406005859375,-0.7212088704109192,4.094884395599365,999,492.5113525390625,999.5413818359375,1693582533.56292,-0.6521965861320496,lgp-long,mu+lambda-ga,reward-unhealthy_termination,ant,105,8800
89,3.157893657684326,999.3850708007812,-1.9082891941070557,89,398.22603392601013,105,999.303466796875,4.1307172775268555,999,296.39105224609375,999.3568725585938,999.4685668945312,734.167724609375,4.390975475311279,996.3255615234375,999.3365478515625,999,89,768.1744384765625,-1.8309134244918823,4.337431907653809,999,663.2395629882812,999.41015625,1693582537.771947,-0.8121904730796814,lgp-long,mu+lambda-ga,reward-unhealthy_termination,ant,105,8900
90,3.1260571479797363,999.5067749023438,-0.6652478575706482,90,402.4336926937103,105,999.3380126953125,4.1092000007629395,999,265.3575744628906,999.6219482421875,998.9005737304688,735.7401123046875,2.7367162704467773,995.75732421875,999.2904663085938,999,90,711.1455078125,-0.8433901071548462,2.9370181560516357,999,536.7330932617188,999.634765625,1693582541.9796057,-0.6598866581916809,lgp-long,mu+lambda-ga,reward-unhealthy_termination,ant,105,9000
91,3.966843366622925,999.1965942382812,-1.6878502368927002,91,406.6416370868683,105,999.2963256835938,4.109442710876465,999,329.8674011230469,999.5863647460938,999.28662109375,719.8152465820312,3.092517137527466,995.7593383789062,999.2730712890625,999,91,862.8483276367188,-0.8347126245498657,4.051703453063965,999,559.7147216796875,999.6334228515625,1693582546.18755,-1.6776115894317627,lgp-long,mu+lambda-ga,reward-unhealthy_termination,ant,105,9100
92,3.0657079219818115,999.2750244140625,-1.8359664678573608,92,410.84987688064575,105,999.21728515625,4.110709190368652,999,10024.2177734375,999.4285278320312,999.0999145507812,-291.7543640136719,4.1162238121032715,982.9703369140625,999.8167114257812,999,92,705.5357666015625,-1.9226257801055908,4.743937015533447,999,610.6644287109375,999.589111328125,1693582550.3957899,-0.8305729031562805,lgp-long,mu+lambda-ga,reward-unhealthy_termination,ant,105,9200
93,4.122543811798096,999.2146606445312,-0.9194261431694031,93,415.054918050766,105,999.3480834960938,4.118069648742676,999,211.69036865234375,999.5362548828125,999.1132202148438,828.6853637695312,4.042681694030762,997.323486328125,999.8063354492188,999,93,964.0960693359375,-1.8375771045684814,3.6923935413360596,999,694.957763671875,999.857177734375,1693582554.600831,-1.8157663345336914,lgp-long,mu+lambda-ga,reward-unhealthy_termination,ant,105,9300
94,3.088493585586548,999.32861328125,-1.9230644702911377,94,419.26473569869995,105,999.3267211914062,4.1166672706604,999,258.3460388183594,999.42919921875,999.1366577148438,762.0252075195312,4.241420745849609,996.2269897460938,999.8185424804688,999,94,820.6129150390625,-2.0144052505493164,4.828790187835693,999,658.3995361328125,999.9216918945312,1693582558.8106487,-0.7950533032417297,lgp-long,mu+lambda-ga,reward-unhealthy_termination,ant,105,9400
95,4.52333402633667,999.2719116210938,-0.9527882933616638,95,423.47178506851196,105,999.3949584960938,4.119490146636963,999,275.68707275390625,999.4044799804688,999.2941284179688,793.3077392578125,4.451724529266357,996.7254028320312,999.5726928710938,999,95,981.53125,-2.0681803226470947,3.490875005722046,999,684.9271240234375,999.7408447265625,1693582563.017698,-2.1613099575042725,lgp-long,mu+lambda-ga,reward-unhealthy_termination,ant,105,9500
96,4.025876998901367,999.4308471679688,-1.7884334325790405,96,427.78220415115356,105,999.0626831054688,4.197027683258057,999,244.16465759277344,999.1240234375,998.6904296875,776.2586669921875,2.1966493129730225,995.6929931640625,999.4628295898438,999,96,829.5128784179688,-0.5073249340057373,4.343069553375244,999,675.4807739257812,999.230712890625,1693582567.3281171,-1.503757357597351,lgp-long,mu+lambda-ga,reward-unhealthy_termination,ant,105,9600
97,2.6431143283843994,999.0072631835938,-1.6709864139556885,97,431.99118733406067,105,999.2294921875,4.121293544769287,999,301.92657470703125,999.30712890625,999.3228759765625,730.950927734375,4.100151538848877,996.0637817382812,999.2666015625,999,97,740.57177734375,-1.6883703470230103,4.026285171508789,999,506.0388488769531,999.5899047851562,1693582571.5371003,-0.6495146751403809,lgp-long,mu+lambda-ga,reward-unhealthy_termination,ant,105,9700
98,4.769932746887207,999.9461059570312,-3.1586403846740723,98,436.1994457244873,105,999.6416015625,4.1177496910095215,999,234.1611328125,1000.0802612304688,999.6593017578125,771.9395751953125,4.85835075378418,996.359619140625,1000.2411499023438,999,98,806.1142578125,-2.109811544418335,6.493566989898682,999,649.4745483398438,1000.6394653320312,1693582575.7453587,-1.734301209449768,lgp-long,mu+lambda-ga,reward-unhealthy_termination,ant,105,9800
99,4.570257663726807,999.4752807617188,-2.874863386154175,99,440.40918159484863,105,999.5460205078125,4.1200785636901855,999,253.04637145996094,999.5540161132812,999.5299682617188,761.5028076171875,3.285568952560425,996.1798706054688,999.6715087890625,999,99,829.2525634765625,-0.7982479333877563,5.64125919342041,999,661.7268676757812,1000.0128173828125,1693582579.9550946,-2.004664897918701,lgp-long,mu+lambda-ga,reward-unhealthy_termination,ant,105,9900
100,2.6072404384613037,999.2244262695312,-3.0569262504577637,100,444.61473321914673,105,999.39599609375,4.115268230438232,999,261.5823059082031,999.3963012695312,999.2781372070312,772.1074829101562,4.025520324707031,996.5372924804688,998.9242553710938,999,100,879.000732421875,-1.656557321548462,5.074340343475342,999,637.2822265625,999.6315307617188,1693582584.1606462,-0.29906031489372253,lgp-long,mu+lambda-ga,reward-unhealthy_termination,ant,105,10000
101,4.527970314025879,999.4172973632812,-3.0167787075042725,101,448.823335647583,105,999.1048583984375,4.118623733520508,999,272.83819580078125,999.595458984375,999.0397338867188,731.4188842773438,4.126713752746582,991.2335205078125,1000.84619140625,999,101,710.61572265625,-1.9989432096481323,6.954018592834473,999,560.5560913085938,1001.387451171875,1693582588.3692486,-2.021172523498535,lgp-long,mu+lambda-ga,reward-unhealthy_termination,ant,105,10100
102,3.7306244373321533,999.0326538085938,-2.0791842937469482,102,453.0316665172577,105,999.3327026367188,4.11892557144165,999,269.2276306152344,999.3517456054688,999.09375,733.8729248046875,2.7933249473571777,994.4281616210938,999.3947143554688,999,102,715.552001953125,-0.7201848030090332,4.5645365715026855,999,536.1917114257812,999.4169311523438,1693582592.5775795,-1.6064306497573853,lgp-long,mu+lambda-ga,reward-unhealthy_termination,ant,105,10200
103,2.778085470199585,999.1209106445312,-1.9160393476486206,103,457.2405228614807,105,999.3276977539062,4.118241786956787,999,270.90704345703125,999.3363647460938,999.19287109375,753.9140625,4.149082183837891,996.6201782226562,999.4833374023438,999,103,796.2939453125,-1.8624998331069946,4.48817253112793,999,608.2286987304688,999.8694458007812,1693582596.7864358,-0.7512502074241638,lgp-long,mu+lambda-ga,reward-unhealthy_termination,ant,105,10300
104,3.912160634994507,999.458984375,-2.7151660919189453,104,461.44996523857117,105,999.5457763671875,4.117735862731934,999,270.39678955078125,999.6732788085938,999.6329345703125,783.5670166015625,4.27550745010376,995.7988891601562,1000.5686645507812,999,104,913.322998046875,-1.5533926486968994,6.374507904052734,999,667.73681640625,1000.1279296875,1693582600.9958782,-1.3622994422912598,lgp-long,mu+lambda-ga,reward-unhealthy_termination,ant,105,10400
105,2.8564817905426025,999.4656372070312,-2.8589096069335938,105,465.65750670433044,105,999.883544921875,4.1175007820129395,999,10031.6943359375,1000.0476684570312,999.38232421875,-215.94366455078125,4.663975715637207,996.6748046875,1000.01171875,999,105,871.7589111328125,-2.193281888961792,5.9614033699035645,999,699.948974609375,1000.1131591796875,1693582605.2034197,-0.3059835433959961,lgp-long,mu+lambda-ga,reward-unhealthy_termination,ant,105,10500
106,2.6042261123657227,999.1808471679688,-3.249107837677002,106,469.8658592700958,105,999.2374877929688,4.117464542388916,999,281.5025329589844,999.240234375,999.3117065429688,736.2369995117188,4.7495808601379395,995.7745361328125,999.9732666015625,999,106,851.7191772460938,-2.349008321762085,6.313520908355713,999,550.190185546875,999.8538208007812,1693582609.4117723,-0.3372223973274231,lgp-long,mu+lambda-ga,reward-unhealthy_termination,ant,105,10600
107,4.543004512786865,999.5524291992188,-3.116730213165283,107,474.07258319854736,105,999.5877685546875,4.116095066070557,999,276.1708984375,999.6005859375,1000.15283203125,727.1331176757812,6.165816783905029,988.006591796875,999.9615478515625,999,107,790.5270385742188,-2.9185893535614014,6.172872066497803,999,583.8710327148438,1000.1575927734375,1693582613.6184962,-1.9002891778945923,lgp-long,mu+lambda-ga,reward-unhealthy_termination,ant,105,10700
108,6.818138122558594,1000.85888671875,-3.14538311958313,108,478.2829763889313,105,1000.3504028320312,4.11551570892334,999,239.4680633544922,1000.619140625,1000.3788452148438,746.314208984375,6.542666912078857,995.162109375,1001.5939331054688,999,108,773.1697998046875,-3.0732009410858154,7.829081058502197,999,559.049072265625,1001.5117797851562,1693582617.8288894,-2.866360902786255,lgp-long,mu+lambda-ga,reward-unhealthy_termination,ant,105,10800
109,7.392833709716797,1001.42578125,-3.1137211322784424,109,482.49674463272095,105,1000.1018676757812,4.158761501312256,999,296.7775573730469,1001.2489013671875,999.2564697265625,707.9816284179688,5.251911640167236,989.5836791992188,1001.4083251953125,999,109,724.5942993164062,-2.901764392852783,7.613171577453613,999,589.5120849609375,1002.0499267578125,1693582622.0426576,-2.8745479583740234,lgp-long,mu+lambda-ga,reward-unhealthy_termination,ant,105,10900
110,6.733001708984375,1000.5348510742188,-3.0281548500061035,110,486.7991507053375,105,1000.4899291992188,4.217450141906738,999,310.8628234863281,1000.5623168945312,1000.7405395507812,687.6986083984375,6.812473297119141,987.0859375,999.84765625,999,110,707.8276977539062,-2.979149341583252,5.968493938446045,999,536.2276000976562,1001.0035400390625,1693582626.3450637,-3.1066930294036865,lgp-long,mu+lambda-ga,reward-unhealthy_termination,ant,105,11000
111,5.677753448486328,999.4035034179688,-2.9466464519500732,111,491.00808668136597,105,999.5887451171875,4.1352949142456055,999,278.8875427246094,999.6263427734375,999.5661010742188,705.8370971679688,5.7914605140686035,986.723876953125,1000.5418090820312,999,111,706.894775390625,-3.1297972202301025,6.583311557769775,999,500.3239440917969,1000.0676879882812,1693582630.5539997,-3.180676221847534,lgp-long,mu+lambda-ga,reward-unhealthy_termination,ant,105,11100
112,2.9946036338806152,999.6356811523438,-2.694483995437622,112,495.21446990966797,105,999.4266357421875,4.135993003845215,999,263.00152587890625,999.6577758789062,999.515625,750.049072265625,5.905381202697754,994.6922607421875,999.78515625,999,112,830.2789306640625,-3.295677661895752,5.5724310874938965,999,600.553466796875,1000.06640625,1693582634.760383,-0.27415964007377625,lgp-long,mu+lambda-ga,reward-unhealthy_termination,ant,105,11200
113,6.81386661529541,1000.4840087890625,-2.5509562492370605,113,499.4251928329468,105,1000.1633911132812,4.13981294631958,999,259.51409912109375,1000.721923828125,1000.3912353515625,702.753173828125,6.139354228973389,982.0213623046875,999.88427734375,999,113,705.7658081054688,-2.6544625759124756,5.526219367980957,999,556.757568359375,1001.65478515625,1693582638.9711058,-3.2402114868164062,lgp-long,mu+lambda-ga,reward-unhealthy_termination,ant,105,11300
114,5.596168041229248,999.6930541992188,-3.1053454875946045,114,503.6327564716339,105,999.6383056640625,4.136979103088379,999,319.8409729003906,1000.0762329101562,998.9074096679688,667.0006103515625,4.6665802001953125,983.7762451171875,1000.2146606445312,999,114,714.0369873046875,-2.6649441719055176,6.412998199462891,999,392.17657470703125,1000.5106811523438,1693582643.1786695,-2.8126492500305176,lgp-long,mu+lambda-ga,reward-unhealthy_termination,ant,105,11400
115,6.0174994468688965,1000.0128784179688,-3.0401902198791504,115,507.8414227962494,105,1000.3778686523438,4.138175964355469,999,328.2998046875,1000.55810546875,1000.5277709960938,629.671142578125,6.5297770500183105,933.0903930664062,1000.6970825195312,999,115,690.218994140625,-2.9098434448242188,6.829070568084717,999,413.65997314453125,1000.7737426757812,1693582647.3873358,-2.9137279987335205,lgp-long,mu+lambda-ga,reward-unhealthy_termination,ant,105,11500
116,5.742358684539795,999.4354858398438,-3.1246235370635986,116,512.0499260425568,105,1000.0830078125,4.139235496520996,999,285.814697265625,1000.7660522460938,1000.44970703125,644.8416748046875,6.745232582092285,883.2669677734375,1000.7503051757812,999,116,675.426025390625,-3.201246976852417,6.9671759605407715,999,458.68670654296875,1001.0193481445312,1693582651.595839,-3.217381238937378,lgp-long,mu+lambda-ga,reward-unhealthy_termination,ant,105,11600
117,6.756909370422363,1000.4437866210938,-3.177499532699585,117,516.257800579071,105,1000.0634765625,4.142457962036133,999,290.77288818359375,1000.1068115234375,999.5966796875,681.9187622070312,5.79418420791626,970.151123046875,1000.4225463867188,999,117,707.1307373046875,-3.1043572425842285,6.6952643394470215,999,492.21710205078125,1000.1526489257812,1693582655.8037136,-3.2225232124328613,lgp-long,mu+lambda-ga,reward-unhealthy_termination,ant,105,11700
118,6.7713942527771,1000.4850463867188,-3.188335418701172,118,520.5654397010803,105,1001.0587768554688,4.170720100402832,999,322.5584716796875,1001.1761474609375,1000.8073120117188,668.0438842773438,7.503648281097412,985.9389038085938,1000.5076293945312,999,118,707.2291259765625,-3.60471510887146,6.787117958068848,999,430.09912109375,1001.366455078125,1693582660.1113527,-3.1958272457122803,lgp-long,mu+lambda-ga,reward-unhealthy_termination,ant,105,11800
119,7.040688514709473,1000.87109375,-3.254523992538452,119,524.8732316493988,105,999.7033081054688,4.182960510253906,999,10024.8134765625,1000.9940795898438,999.0148315429688,-292.5497131347656,5.02886438369751,983.6783447265625,1000.3590698242188,999,119,733.8379516601562,-2.9183189868927,6.705506801605225,999,509.7056884765625,1001.4777221679688,1693582664.4191446,-3.076497793197632,lgp-long,mu+lambda-ga,reward-unhealthy_termination,ant,105,11900
120,6.710555553436279,999.4036254882812,-3.1256895065307617,120,529.0820424556732,105,1000.2667236328125,4.141252040863037,999,268.8238525390625,1000.80615234375,999.8079223632812,739.6965942382812,5.841729640960693,996.8211669921875,1000.5372924804688,999,120,818.081298828125,-2.9406440258026123,6.754087924957275,999,542.091552734375,1000.9271240234375,1693582668.6279554,-4.217617511749268,lgp-long,mu+lambda-ga,reward-unhealthy_termination,ant,105,12000
121,5.583820343017578,999.6431884765625,-2.8120405673980713,121,533.2893986701965,105,999.8912963867188,4.13903284072876,999,295.3089294433594,999.9902954101562,1000.0036010742188,708.5471801757812,6.169495582580566,995.1902465820312,999.4425048828125,999,121,755.6824340820312,-3.0749988555908203,5.346998691558838,999,547.3046264648438,1000.11572265625,1693582672.8353117,-2.8493874073028564,lgp-long,mu+lambda-ga,reward-unhealthy_termination,ant,105,12100
122,6.717685699462891,1000.4601440429688,-2.893045425415039,122,537.4977288246155,105,999.98095703125,4.139066696166992,999,277.72186279296875,1000.4904174804688,999.8683471679688,689.7564697265625,6.404210090637207,970.3140869140625,1001.00537109375,999,122,694.9398193359375,-3.442706823348999,6.989894866943359,999,478.42779541015625,1001.128173828125,1693582677.0436418,-3.165940046310425,lgp-long,mu+lambda-ga,reward-unhealthy_termination,ant,105,12200
123,6.427460670471191,1000.2880859375,-3.2833099365234375,123,541.7057161331177,105,1000.3641967773438,4.138586521148682,999,274.2342224121094,1000.4760131835938,1000.4016723632812,694.7032470703125,6.64247989654541,981.566162109375,1000.47216796875,999,123,706.2269287109375,-3.1485354900360107,6.844610691070557,999,488.81072998046875,1001.0357055664062,1693582681.251629,-3.0470471382141113,lgp-long,mu+lambda-ga,reward-unhealthy_termination,ant,105,12300
124,6.313080787658691,1000.0640869140625,-3.0288007259368896,124,545.9126672744751,105,1000.3598022460938,4.139068126678467,999,319.2090148925781,1000.4904174804688,999.7452392578125,638.2615966796875,5.8192315101623535,967.9471435546875,1000.5066528320312,999,124,691.1644287109375,-2.9807698726654053,6.626290798187256,999,432.58148193359375,1000.5490112304688,1693582685.4585803,-3.1556646823883057,lgp-long,mu+lambda-ga,reward-unhealthy_termination,ant,105,12400
125,4.820091247558594,998.94970703125,-3.1549861431121826,125,550.1228272914886,105,1000.2927856445312,4.138895511627197,999,298.18218994140625,1000.4315185546875,999.2213134765625,670.7006225585938,5.140992164611816,982.506591796875,1001.0116577148438,999,125,703.3323974609375,-2.8266592025756836,7.257890224456787,999,487.9701843261719,1001.0714111328125,1693582689.6687403,-2.778215169906616,lgp-long,mu+lambda-ga,reward-unhealthy_termination,ant,105,12500
126,7.046460151672363,1000.7021484375,-3.2497506141662598,126,554.3302934169769,105,1000.43212890625,4.115944862365723,999,320.473388671875,1000.5328369140625,1000.732421875,661.2550659179688,6.672314643859863,986.0642700195312,1000.4105834960938,999,126,706.480224609375,-2.849529981613159,6.748403072357178,999,413.93634033203125,1000.664306640625,1693582693.8762064,-3.2534420490264893,lgp-long,mu+lambda-ga,reward-unhealthy_termination,ant,105,12600
127,7.335392951965332,1001.01953125,-3.132509708404541,127,558.5391449928284,105,1000.9486083984375,4.116673946380615,999,267.88275146484375,1000.9819946289062,1000.7589721679688,744.69677734375,7.098270416259766,995.7149658203125,1000.3937377929688,999,127,840.0787963867188,-3.2474868297576904,6.6172966957092285,999,592.596435546875,1001.2652587890625,1693582698.085058,-3.2250943183898926,lgp-long,mu+lambda-ga,reward-unhealthy_termination,ant,105,12700
128,6.117515563964844,999.9683837890625,-3.1388909816741943,128,562.7477252483368,105,999.8873901367188,4.116559028625488,999,317.1352844238281,1000.336669921875,999.9489135742188,667.1708984375,6.03516149520874,983.009521484375,1000.2720947265625,999,128,706.481689453125,-2.991708993911743,6.504976749420166,999,417.24224853515625,1000.632568359375,1693582702.2936382,-3.057008981704712,lgp-long,mu+lambda-ga,reward-unhealthy_termination,ant,105,12800
129,6.1185407638549805,1000.0437622070312,-3.474799394607544,129,566.9568357467651,105,1000.10107421875,4.114565372467041,999,297.6643981933594,1000.1098022460938,999.6672973632812,682.1001586914062,5.835280895233154,965.5224609375,999.2472534179688,999,129,706.2440185546875,-3.0749921798706055,5.812531471252441,999,520.3930053710938,1000.2003784179688,1693582706.5027487,-2.9825494289398193,lgp-long,mu+lambda-ga,reward-unhealthy_termination,ant,105,12900
130,6.811332702636719,1000.89794921875,-3.4540348052978516,130,571.165167093277,105,1000.5558471679688,4.104405403137207,999,274.2594299316406,1000.700439453125,999.9679565429688,694.2059936523438,6.477681636810303,984.9060668945312,1000.6322631835938,999,130,706.2210693359375,-3.4182469844818115,7.177806377410889,999,509.2352294921875,1000.8948974609375,1693582710.71108,-2.820510149002075,lgp-long,mu+lambda-ga,reward-unhealthy_termination,ant,105,13000
131,6.472152233123779,1000.4382934570312,-3.1599700450897217,131,575.3716673851013,105,1000.25146484375,4.116026878356934,999,10022.2685546875,1000.299072265625,999.3021850585938,-322.8009948730469,6.071650981903076,993.837646484375,999.4957275390625,999,131,706.0286254882812,-3.6821987628936768,5.748230457305908,999,502.3385009765625,1000.484375,1693582714.9175804,-2.9390041828155518,lgp-long,mu+lambda-ga,reward-unhealthy_termination,ant,105,13100
132,6.166837692260742,1000.1378173828125,-3.173778533935547,132,579.5792953968048,105,1000.6165771484375,4.114439010620117,999,271.78631591796875,1000.6631469726562,1000.3987426757812,736.3452758789062,7.01965856552124,995.625244140625,1001.158203125,999,132,762.8060302734375,-3.529867172241211,7.422931671142578,999,565.6284790039062,1001.4561767578125,1693582719.1252084,-2.9385392665863037,lgp-long,mu+lambda-ga,reward-unhealthy_termination,ant,105,13200
133,6.39314603805542,1000.2257690429688,-3.1594810485839844,133,583.7879571914673,105,1000.556640625,4.113274097442627,999,237.03091430664062,1000.6300659179688,999.9192504882812,760.355712890625,5.866208553314209,992.2365112304688,1000.5695190429688,999,133,823.3724365234375,-2.853452444076538,6.8234171867370605,999,604.4764404296875,1000.8391723632812,1693582723.3338702,-3.075519323348999,lgp-long,mu+lambda-ga,reward-unhealthy_termination,ant,105,13300
134,6.248010635375977,1000.3158569335938,-2.627138137817383,134,587.9972910881042,105,1000.2247314453125,4.121120452880859,999,259.46734619140625,1000.2467041015625,999.33203125,698.3046875,5.521704196929932,952.1370849609375,999.8543090820312,999,134,705.2731323242188,-3.0970447063446045,5.573256969451904,999,517.386474609375,1000.3618774414062,1693582727.543204,-2.838754653930664,lgp-long,mu+lambda-ga,reward-unhealthy_termination,ant,105,13400
135,6.841771602630615,1000.7379150390625,-3.0327517986297607,135,592.2078995704651,105,1000.2821044921875,4.1389689445495605,999,266.8907775878906,1000.9974975585938,999.9647827148438,673.5484008789062,6.448767185211182,926.2637939453125,1000.7467651367188,999,135,685.560546875,-3.3925347328186035,6.87091588973999,999,518.3579711914062,1001.4109497070312,1693582731.7538126,-3.0097267627716064,lgp-long,mu+lambda-ga,reward-unhealthy_termination,ant,105,13500
136,6.146345615386963,999.7392578125,-2.976219892501831,136,596.4157810211182,105,1000.52783203125,4.139964580535889,999,285.0892333984375,1000.567138671875,1001.0,727.6930541992188,7.147299289703369,987.6932373046875,1000.3715209960938,999,136,793.5775146484375,-3.054689645767212,6.442601680755615,999,555.738525390625,1000.6416625976562,1693582735.961694,-3.3174283504486084,lgp-long,mu+lambda-ga,reward-unhealthy_termination,ant,105,13600
137,5.982996463775635,1000.1869506835938,-2.7448863983154297,137,600.624347448349,105,1000.2156982421875,4.13832950592041,999,250.71051025390625,1000.3232421875,999.4904174804688,721.9041748046875,5.404201984405518,979.0927734375,1000.3331298828125,999,137,710.0582275390625,-2.8219363689422607,6.17014217376709,999,529.6588745117188,1000.4689331054688,1693582740.1702604,-2.7014870643615723,lgp-long,mu+lambda-ga,reward-unhealthy_termination,ant,105,13700
138,7.3786940574646,1001.1093139648438,-2.9871411323547363,138,604.8296811580658,105,1000.5474243164062,4.141663074493408,999,276.6661376953125,1000.6455688476562,1000.5963745117188,727.72607421875,6.7507781982421875,986.9298095703125,999.5761108398438,999,138,759.1854248046875,-3.0605380535125732,5.651370525360107,999,586.6892700195312,1000.7296752929688,1693582744.3755941,-3.1775498390197754,lgp-long,mu+lambda-ga,reward-unhealthy_termination,ant,105,13800
139,6.77963399887085,1000.6849975585938,-2.9750688076019287,139,609.0399425029755,105,1000.6685180664062,4.1330366134643555,999,302.23974609375,1000.6695556640625,1000.5983276367188,711.8140258789062,6.7969818115234375,981.8212890625,1000.3814697265625,999,139,742.9591064453125,-3.107078790664673,6.447303771972656,999,581.3573608398438,1000.7042236328125,1693582748.5858555,-3.0000550746917725,lgp-long,mu+lambda-ga,reward-unhealthy_termination,ant,105,13900
140,7.119401454925537,1000.9029541015625,-2.8265864849090576,140,613.2462537288666,105,1000.6235961914062,4.137379169464111,999,10024.75,1000.87939453125,1000.416015625,-296.21728515625,6.445261478424072,991.9864501953125,1000.7454223632812,999,140,727.5123291015625,-2.936918258666992,6.664637088775635,999,504.4891052246094,1001.0657348632812,1693582752.7921667,-3.1224350929260254,lgp-long,mu+lambda-ga,reward-unhealthy_termination,ant,105,14000
141,5.700901985168457,999.6931762695312,-3.3700203895568848,141,617.4552788734436,105,1000.0010986328125,4.13878059387207,999,215.5083465576172,1000.0347900390625,1000.0565795898438,765.1552124023438,6.355612754821777,994.1708984375,1000.3478393554688,999,141,770.1351318359375,-3.207415819168091,6.807704448699951,999,650.0700073242188,1000.9214477539062,1693582757.0011919,-2.914153575897217,lgp-long,mu+lambda-ga,reward-unhealthy_termination,ant,105,14100
142,6.928505897521973,1000.90185546875,-3.018265962600708,142,621.6629951000214,105,1000.6026611328125,4.135565757751465,999,278.9632263183594,1001.0230102539062,999.8327026367188,713.61279296875,6.605586528778076,994.154541015625,1000.7560424804688,999,142,749.9703369140625,-3.6834161281585693,6.864280700683594,999,514.6458740234375,1001.60009765625,1693582761.208908,-2.9329211711883545,lgp-long,mu+lambda-ga,reward-unhealthy_termination,ant,105,14200
143,6.540454864501953,1000.6454467773438,-2.948364496231079,143,625.8689851760864,105,1000.0723266601562,4.1364006996154785,999,267.339111328125,1000.70703125,1000.5909423828125,725.9417724609375,6.843875408172607,987.8688354492188,1000.5592651367188,999,143,764.4173583984375,-3.1698739528656006,6.598213195800781,999,560.32666015625,1001.7247924804688,1693582765.4148982,-2.802051544189453,lgp-long,mu+lambda-ga,reward-unhealthy_termination,ant,105,14300
144,7.091270446777344,1000.6672973632812,-3.947413206100464,144,630.0782234668732,105,1000.8567504882812,4.137618064880371,999,300.533447265625,1000.9175415039062,1000.77783203125,714.5022583007812,7.342423915863037,994.5621948242188,1000.6057739257812,999,144,733.5676879882812,-3.4733083248138428,7.642429351806641,999,490.1459655761719,1001.1400146484375,1693582769.6241364,-3.331779956817627,lgp-long,mu+lambda-ga,reward-unhealthy_termination,ant,105,14400
145,7.0336480140686035,1000.7374267578125,-2.7175536155700684,145,634.2944428920746,105,1000.6433715820312,4.1370463371276855,999,323.1090393066406,1000.8160400390625,1000.4171142578125,721.5184936523438,6.774581432342529,994.21142578125,1000.47021484375,999,145,841.001953125,-3.2661044597625732,6.277429103851318,999,567.8027954101562,1001.1301879882812,1693582773.8403559,-3.2056236267089844,lgp-long,mu+lambda-ga,reward-unhealthy_termination,ant,105,14500
146,6.519934177398682,1000.1383666992188,-3.355635166168213,146,638.5030953884125,105,1000.626708984375,4.137216091156006,999,268.15362548828125,1000.6522216796875,1000.0680541992188,707.2657470703125,6.257394313812256,954.7063598632812,999.822265625,999,146,709.6763916015625,-3.0942583084106445,6.267584800720215,999,539.3805541992188,1001.1234130859375,1693582778.0490084,-3.288302183151245,lgp-long,mu+lambda-ga,reward-unhealthy_termination,ant,105,14600
147,6.8011627197265625,1000.5199584960938,-3.676084518432617,147,642.711895942688,105,1000.84228515625,4.13625431060791,999,281.5554504394531,1000.8900756835938,1000.98779296875,734.4649047851562,7.168808937072754,989.4501342773438,1000.9501342773438,999,147,766.9395751953125,-3.0886919498443604,7.716104984283447,999,598.3748779296875,1001.162353515625,1693582782.257809,-3.1874191761016846,lgp-long,mu+lambda-ga,reward-unhealthy_termination,ant,105,14700
148,5.454596996307373,999.5009765625,-3.7186715602874756,148,646.9191782474518,105,1000.1339111328125,4.1367692947387695,999,302.8721618652344,1000.2937622070312,999.5064697265625,699.478271484375,5.97172737121582,989.7716064453125,1000.6508178710938,999,148,722.511962890625,-3.370990037918091,7.457167148590088,999,522.7568359375,1001.086181640625,1693582786.4650912,-2.862837076187134,lgp-long,mu+lambda-ga,reward-unhealthy_termination,ant,105,14800
149,7.053872585296631,1000.5794067382812,-3.063380479812622,149,651.1265637874603,105,1000.4987182617188,4.138735771179199,999,251.73907470703125,1000.8687133789062,1000.3700561523438,680.7769165039062,6.450768947601318,896.8931884765625,1001.2666015625,999,149,701.76806640625,-2.9875380992889404,7.420958042144775,999,503.90435791015625,1001.577880859375,1693582790.6724768,-3.3814358711242676,lgp-long,mu+lambda-ga,reward-unhealthy_termination,ant,105,14900
150,7.6382365226745605,1000.64208984375,-3.109598159790039,150,655.3352746963501,105,1000.3387451171875,4.137056350708008,999,275.1371154785156,1000.8433227539062,1000.5712280273438,670.8970336914062,6.647767066955566,894.4401245117188,1001.1417846679688,999,150,701.5132446289062,-2.98641037940979,7.34274435043335,999,478.0240478515625,1001.0278930664062,1693582794.8811877,-3.90818190574646,lgp-long,mu+lambda-ga,reward-unhealthy_termination,ant,105,15000
151,6.569675445556641,1000.44189453125,-3.2538704872131348,151,659.5420780181885,105,1000.2072143554688,4.137650012969971,999,270.03948974609375,1000.2100830078125,999.5271606445312,696.7882690429688,5.720250129699707,946.7074584960938,1000.30810546875,999,151,704.685546875,-3.0988423824310303,6.653011322021484,999,570.8827514648438,1000.560791015625,1693582799.087991,-3.035580635070801,lgp-long,mu+lambda-ga,reward-unhealthy_termination,ant,105,15100
152,5.94613790512085,999.7637939453125,-3.161482334136963,152,663.7517449855804,105,999.771484375,4.140681743621826,999,338.71185302734375,999.7976684570312,1000.1701049804688,622.0827026367188,6.02890682220459,949.0596923828125,1000.6613159179688,999,152,696.7508544921875,-2.7678401470184326,6.916145324707031,999,402.5266418457031,1000.6168212890625,1693582803.297658,-3.093282461166382,lgp-long,mu+lambda-ga,reward-unhealthy_termination,ant,105,15200
153,6.849396705627441,1000.5849609375,-3.2696571350097656,153,667.9590408802032,105,1000.245849609375,4.140336036682129,999,291.2233581542969,1000.5172119140625,1000.2014770507812,675.1273193359375,6.6531805992126465,949.1858520507812,1000.46923828125,999,153,704.9230346679688,-3.359226942062378,6.830670356750488,999,495.19091796875,1000.79736328125,1693582807.5049539,-3.172624349594116,lgp-long,mu+lambda-ga,reward-unhealthy_termination,ant,105,15300
154,5.9065046310424805,1000.0720825195312,-3.5353429317474365,154,672.1685948371887,105,1000.7605590820312,4.137580394744873,999,290.2201232910156,1000.7619018554688,1000.1332397460938,672.6083984375,6.174622535705566,903.9860229492188,1001.2877807617188,999,154,707.208251953125,-2.952692747116089,7.914608001708984,999,508.9642028808594,1001.1370849609375,1693582811.7145078,-2.74237322807312,lgp-long,mu+lambda-ga,reward-unhealthy_termination,ant,105,15400
155,5.928929805755615,999.8832397460938,-3.5706136226654053,155,676.3762288093567,105,1000.2434692382812,4.136306285858154,999,304.8862609863281,1000.50146484375,999.6204223632812,684.7947998046875,5.483630657196045,992.25439453125,999.7362670898438,999,155,705.3643798828125,-2.7710556983947754,6.396223545074463,999,467.14178466796875,1000.50390625,1693582815.9221418,-2.953648328781128,lgp-long,mu+lambda-ga,reward-unhealthy_termination,ant,105,15500
156,6.919061183929443,1000.7289428710938,-2.587249279022217,156,680.5828094482422,105,1000.245361328125,4.140301704406738,999,328.26519775390625,1000.4608154296875,999.6005859375,683.8319091796875,5.897599220275879,974.268798828125,1000.0128784179688,999,156,759.6116333007812,-3.2052810192108154,5.69205904006958,999,538.006103515625,1000.4610595703125,1693582820.1287224,-3.099313735961914,lgp-long,mu+lambda-ga,reward-unhealthy_termination,ant,105,15600
157,5.917298316955566,999.6168212890625,-3.0832834243774414,157,684.7929577827454,105,999.8878784179688,4.14120626449585,999,308.9299621582031,1000.0213012695312,999.4318237304688,678.548583984375,5.538685321807861,985.093017578125,1000.6134643554688,999,157,699.4635009765625,-3.01501727104187,6.787713527679443,999,492.81378173828125,1001.09619140625,1693582824.3388708,-3.2086453437805176,lgp-long,mu+lambda-ga,reward-unhealthy_termination,ant,105,15700
158,5.965975284576416,1000.1111450195312,-3.2937099933624268,158,689.0007138252258,105,1000.0308227539062,4.139472007751465,999,273.0448913574219,1000.46435546875,999.9076538085938,712.8034057617188,6.069599151611328,983.9932861328125,1000.1067504882812,999,158,724.74951171875,-3.0682899951934814,6.4936652183532715,999,554.6190185546875,1000.724609375,1693582828.5466268,-2.7625863552093506,lgp-long,mu+lambda-ga,reward-unhealthy_termination,ant,105,15800
159,5.971386909484863,999.9100952148438,-3.0856053829193115,159,693.2089059352875,105,999.727783203125,4.139850616455078,999,264.822265625,999.7567749023438,999.634765625,736.7412109375,5.945478916168213,987.984375,999.82080078125,999,159,818.0797119140625,-3.218372344970703,5.999359130859375,999,569.4738159179688,999.8151245117188,1693582832.754819,-2.9667975902557373,lgp-long,mu+lambda-ga,reward-unhealthy_termination,ant,105,15900
160,6.7259111404418945,1000.7316284179688,-2.8088178634643555,160,697.4179017543793,105,1000.197021484375,4.139050006866455,999,276.7882080078125,1000.8353881835938,1000.0602416992188,727.8973999023438,6.133527755737305,985.7384033203125,1001.65478515625,999,160,818.0660400390625,-2.9796371459960938,7.553285121917725,999,572.2470703125,1001.534423828125,1693582836.9638147,-2.9014909267425537,lgp-long,mu+lambda-ga,reward-unhealthy_termination,ant,105,16000
161,4.1491289138793945,999.34912109375,-2.6743907928466797,161,701.6241111755371,105,999.2685546875,4.138484001159668,999,244.66683959960938,999.3529663085938,999.0732421875,750.0472412109375,5.043790817260742,973.7069702148438,1000.1988525390625,999,161,821.594482421875,-2.8784985542297363,5.965827465057373,999,596.6303100585938,999.8564453125,1693582841.1700242,-1.7080726623535156,lgp-long,mu+lambda-ga,reward-unhealthy_termination,ant,105,16100
162,6.747399806976318,1000.4600830078125,-2.931380033493042,162,705.8337907791138,105,999.593994140625,4.13807487487793,999,275.76849365234375,1000.2384033203125,999.40478515625,697.4481201171875,4.094176769256592,941.3497924804688,1000.5822143554688,999,162,710.3387451171875,-1.6023162603378296,6.6038713455200195,999,531.9689331054688,1001.7496948242188,1693582845.3797038,-3.194687604904175,lgp-long,mu+lambda-ga,reward-unhealthy_termination,ant,105,16200
163,5.8466668128967285,999.6422729492188,-3.2765557765960693,163,710.0425224304199,105,1000.850341796875,4.1382269859313965,999,264.47540283203125,1000.9440307617188,999.8707275390625,763.4644165039062,6.025356292724609,984.92138671875,1001.0628051757812,999,163,853.9608764648438,-3.0627353191375732,7.430151462554932,999,627.7972412109375,1001.3703002929688,1693582849.5884354,-3.112452745437622,lgp-long,mu+lambda-ga,reward-unhealthy_termination,ant,105,16300
164,5.904940128326416,1000.0805053710938,-2.964271068572998,164,714.2509298324585,105,999.9987182617188,4.139804363250732,999,299.0715026855469,1000.3236083984375,999.7825317382812,708.8290405273438,6.038123607635498,991.1787109375,999.6935424804688,999,164,710.2889404296875,-3.1623501777648926,5.748286724090576,999,513.83740234375,1000.608154296875,1693582853.7968428,-2.7328832149505615,lgp-long,mu+lambda-ga,reward-unhealthy_termination,ant,105,16400
165,5.694465160369873,999.8744506835938,-3.2751572132110596,165,718.458104133606,105,1000.215576171875,4.137627124786377,999,282.8420104980469,1000.253173828125,999.9678955078125,733.0730590820312,6.234571933746338,987.3699340820312,1000.0763549804688,999,165,839.6201171875,-3.173196315765381,6.444554805755615,999,573.8037109375,1001.1329345703125,1693582858.004017,-2.724494695663452,lgp-long,mu+lambda-ga,reward-unhealthy_termination,ant,105,16500
166,6.114817142486572,999.8917236328125,-2.9143426418304443,166,722.6655843257904,105,1000.0779418945312,4.1369242668151855,999,275.7485046386719,1000.1333618164062,998.5989379882812,727.9905395507812,4.795866012573242,983.6126708984375,998.7977905273438,999,166,745.4522705078125,-3.104008436203003,4.802428722381592,999,616.2779541015625,1000.1810302734375,1693582862.2114973,-3.129707098007202,lgp-long,mu+lambda-ga,reward-unhealthy_termination,ant,105,16600
167,5.469875335693359,999.43310546875,-3.269080400466919,167,726.873468875885,105,999.4994506835938,4.138563632965088,999,283.3960876464844,999.5081787109375,998.8209838867188,687.0924682617188,4.8371357917785645,965.882568359375,1000.9423217773438,999,167,699.0244140625,-2.924014091491699,7.302161693572998,999,533.1483154296875,1000.5860595703125,1693582866.4193819,-2.9422779083251953,lgp-long,mu+lambda-ga,reward-unhealthy_termination,ant,105,16700
168,6.676172733306885,1000.1402587890625,-2.7803616523742676,168,731.0828108787537,105,999.7337036132812,4.139307975769043,999,270.6523742675781,1000.7183227539062,999.6072387695312,680.7393798828125,4.657505989074707,935.3987426757812,1000.6549682617188,999,168,700.5909423828125,-1.9614070653915405,6.528857707977295,999,494.4837951660156,1000.9099731445312,1693582870.6287239,-3.4442856311798096,lgp-long,mu+lambda-ga,reward-unhealthy_termination,ant,105,16800
169,5.226718425750732,999.1062622070312,-3.023641586303711,169,735.2896008491516,105,999.6174926757812,4.136411190032959,999,298.2499084472656,999.9515380859375,999.3113403320312,691.0223999023438,5.194179058074951,986.8018798828125,999.9722900390625,999,169,707.423828125,-2.7897393703460693,6.090390682220459,999,507.6207580566406,1000.1682739257812,1693582874.8355138,-3.0288989543914795,lgp-long,mu+lambda-ga,reward-unhealthy_termination,ant,105,16900
170,9.960893630981445,1001.28125,-3.431047201156616,170,739.4975988864899,105,1000.1903686523438,4.138761043548584,999,10023.115234375,1000.3759155273438,1000.3258666992188,-309.9103698730469,6.87295389175415,989.5242309570312,999.9284057617188,999,170,707.7061767578125,-3.4569923877716064,6.4508056640625,999,478.2322998046875,1000.3776245117188,1693582879.0435119,-5.6006598472595215,lgp-long,mu+lambda-ga,reward-unhealthy_termination,ant,105,17000
171,5.700791358947754,999.4010620117188,-5.768094539642334,171,743.7065675258636,105,1000.2576293945312,4.136363983154297,999,281.6755065917969,1000.4054565429688,1000.1347045898438,640.6358032226562,6.298957347869873,871.65234375,1001.6557006835938,999,171,664.2755126953125,-3.0736470222473145,10.500402450561523,999,472.57318115234375,1002.5841064453125,1693582883.2524805,-3.2054665088653564,lgp-long,mu+lambda-ga,reward-unhealthy_termination,ant,105,17100
172,6.840277194976807,1000.7269897460938,-3.1561553478240967,172,747.9136340618134,105,1000.5895385742188,4.138640880584717,999,299.08197021484375,1000.88623046875,1000.8245239257812,623.7339477539062,7.232285499572754,852.4005126953125,999.6420288085938,999,172,665.9969482421875,-3.3179337978363037,5.890296936035156,999,393.43023681640625,1000.938720703125,1693582887.459547,-3.02042555809021,lgp-long,mu+lambda-ga,reward-unhealthy_termination,ant,105,17200
173,9.289341926574707,997.72412109375,-2.761540651321411,173,752.1219294071198,105,1000.7377319335938,4.136855125427246,999,296.7999572753906,1000.876953125,1000.0929565429688,657.5257568359375,6.265498638153076,979.5462646484375,1000.5113525390625,999,173,683.2778930664062,-3.079716920852661,6.363622188568115,999,408.3883056640625,1001.1560668945312,1693582891.6678424,-8.4918851852417,lgp-long,mu+lambda-ga,reward-unhealthy_termination,ant,105,17300
174,5.833101749420166,999.9685668945312,-2.644742727279663,174,756.3303580284119,105,1000.4052734375,4.137565612792969,999,299.4704895019531,1000.551025390625,999.9974975585938,646.3162841796875,6.05734395980835,916.9075927734375,1000.3827514648438,999,174,701.0479125976562,-2.964754581451416,6.119243621826172,999,421.92791748046875,1000.8709106445312,1693582895.876271,-2.7717978954315186,lgp-long,mu+lambda-ga,reward-unhealthy_termination,ant,105,17400
175,9.889063835144043,999.7193603515625,-3.0497357845306396,175,760.5360565185547,105,999.524169921875,4.138463020324707,999,338.18701171875,999.8533325195312,999.7686767578125,640.2088623046875,5.750162601470947,966.1806640625,1000.3704223632812,999,175,700.6248779296875,-2.8877265453338623,6.5090765953063965,999,482.9314270019531,1001.0595092773438,1693582900.0819695,-7.095007419586182,lgp-long,mu+lambda-ga,reward-unhealthy_termination,ant,105,17500
176,6.102107524871826,999.9240112304688,-2.919001817703247,176,764.7463591098785,105,1000.0956420898438,4.1382856369018555,999,309.1682434082031,1000.224609375,999.7958984375,673.0545043945312,6.0423583984375,947.295166015625,999.7008056640625,999,176,707.8714599609375,-3.153949737548828,5.709949016571045,999,529.067138671875,1000.4297485351562,1693582904.292272,-3.0858023166656494,lgp-long,mu+lambda-ga,reward-unhealthy_termination,ant,105,17600
177,6.268817901611328,1000.3558959960938,-6.449920654296875,177,768.951896905899,105,999.8634643554688,4.137119770050049,999,272.13970947265625,1000.3511962890625,999.7593994140625,762.8110961914062,5.6141886711120605,991.6705322265625,1000.5934448242188,999,177,866.3236694335938,-2.7610249519348145,10.120261192321777,999,627.2255859375,1001.2445678710938,1693582908.49781,-2.8204598426818848,lgp-long,mu+lambda-ga,reward-unhealthy_termination,ant,105,17700
178,5.888339996337891,999.8853759765625,-3.3295795917510986,178,773.1612296104431,105,999.5857543945312,4.137176990509033,999,323.4864196777344,999.6325073242188,999.3419799804688,712.12255859375,4.063706398010254,994.7171630859375,1000.3359375,999,178,818.9427490234375,-1.631408929824829,6.7567901611328125,999,499.70001220703125,1000.9558715820312,1693582912.7071426,-2.908022165298462,lgp-long,mu+lambda-ga,reward-unhealthy_termination,ant,105,17800
179,6.104343891143799,1000.0535278320312,-2.565462112426758,179,777.3690228462219,105,999.83447265625,4.1377387046813965,999,318.9317626953125,1000.1033325195312,999.5443725585938,701.1588134765625,5.730348587036133,990.66650390625,1000.2371215820312,999,179,816.17138671875,-3.0904786586761475,5.89446496963501,999,486.359375,1000.557861328125,1693582916.9149358,-2.957378625869751,lgp-long,mu+lambda-ga,reward-unhealthy_termination,ant,105,17900
180,6.203989028930664,999.96923828125,-2.710918426513672,180,781.5772793292999,105,999.6668701171875,4.137917995452881,999,234.932373046875,1000.3991088867188,999.8859252929688,791.5265502929688,5.663173198699951,993.90478515625,1001.1553955078125,999,180,879.614013671875,-2.683020830154419,6.95913553237915,999,658.467529296875,1001.5001220703125,1693582921.1231923,-3.141474723815918,lgp-long,mu+lambda-ga,reward-unhealthy_termination,ant,105,18000
181,5.156665325164795,999.1129150390625,-3.030393362045288,181,785.7849473953247,105,1000.0496826171875,4.1396565437316895,999,294.1053161621094,1000.2205810546875,999.5987548828125,737.564697265625,5.399844646453857,994.254638671875,1000.3380126953125,999,181,792.7623901367188,-2.7113704681396484,6.462390899658203,999,636.0186157226562,1000.7160034179688,1693582925.3308604,-2.952523708343506,lgp-long,mu+lambda-ga,reward-unhealthy_termination,ant,105,18100
182,6.78384256362915,1000.4287109375,-3.2558934688568115,182,789.9917922019958,105,1000.2118530273438,4.138175010681152,999,270.942138671875,1000.2691650390625,999.4179077148438,767.1707763671875,5.365324020385742,991.98095703125,1000.4078979492188,999,182,853.967529296875,-2.8569352626800537,6.755223751068115,999,695.3013916015625,1000.5192260742188,1693582929.5377052,-3.2632062435150146,lgp-long,mu+lambda-ga,reward-unhealthy_termination,ant,105,18200
183,5.856788158416748,999.62255859375,-3.2017033100128174,183,794.201981306076,105,999.9968872070312,4.137848377227783,999,298.6264953613281,1000.3668823242188,999.5040283203125,755.7059936523438,5.7893877029418945,996.6033935546875,1000.1901245117188,999,183,889.58935546875,-3.1928632259368896,6.48224401473999,999,613.305419921875,1000.56396484375,1693582933.7478943,-3.1410529613494873,lgp-long,mu+lambda-ga,reward-unhealthy_termination,ant,105,18300
184,5.579985618591309,999.8012084960938,-2.947876214981079,184,798.4102535247803,105,999.8010864257812,4.138947486877441,999,222.13096618652344,1000.1082153320312,999.9262084960938,792.0498046875,5.945279121398926,996.3267822265625,999.8311767578125,999,184,861.6729736328125,-2.9257519245147705,5.8727641105651855,999,682.3038940429688,1000.6712646484375,1693582937.9561665,-2.686431646347046,lgp-long,mu+lambda-ga,reward-unhealthy_termination,ant,105,18400
185,5.658551216125488,999.8682861328125,-3.1810805797576904,185,802.6166877746582,105,1000.3258666992188,4.135932445526123,999,286.8330993652344,1000.3800659179688,1000.0792846679688,694.4888916015625,6.011146545410156,995.1201782226562,1000.1329345703125,999,185,709.5875244140625,-2.8398334980010986,6.409295558929443,999,481.9503479003906,1000.509033203125,1693582942.1626008,-2.700345277786255,lgp-long,mu+lambda-ga,reward-unhealthy_termination,ant,105,18500
186,6.081308364868164,1000.2516479492188,-3.0441153049468994,186,806.8272905349731,105,1000.3573608398438,4.137388229370117,999,247.30172729492188,1000.3756713867188,999.9319458007812,749.8421630859375,6.051258563995361,995.54150390625,1001.2390747070312,999,186,837.0319213867188,-3.0261807441711426,7.375359535217285,999,572.5177001953125,1001.2117919921875,1693582946.3732035,-2.738259792327881,lgp-long,mu+lambda-ga,reward-unhealthy_termination,ant,105,18600
187,5.790384769439697,999.4996948242188,-2.940674304962158,187,811.0348689556122,105,999.595703125,4.132895469665527,999,251.25527954101562,1000.4232177734375,999.7551879882812,763.380126953125,5.894455909729004,994.8932495117188,1000.69921875,999,187,806.2506103515625,-3.0467069149017334,6.733048439025879,999,672.708984375,1000.626953125,1693582950.580782,-3.1981968879699707,lgp-long,mu+lambda-ga,reward-unhealthy_termination,ant,105,18700
188,5.1630425453186035,999.2412109375,-3.1202495098114014,188,815.2408766746521,105,999.927490234375,4.134519577026367,999,269.4212646484375,1000.1372680664062,999.7439575195312,772.4950561523438,5.638545513153076,994.8037719726562,999.9623413085938,999,188,884.8295288085938,-2.800969362258911,6.176322937011719,999,655.6213989257812,1000.5259399414062,1693582954.7867897,-2.8295583724975586,lgp-long,mu+lambda-ga,reward-unhealthy_termination,ant,105,18800
189,7.255261421203613,1001.1442260742188,-3.0405709743499756,189,819.4515626430511,105,999.9548950195312,4.131705284118652,999,245.80979919433594,1000.7927856445312,1000.0272827148438,807.6726684570312,6.3532633781433105,995.3779296875,999.9197387695312,999,189,901.35791015625,-3.2356464862823486,6.052332401275635,999,698.5556030273438,1000.9283447265625,1693582958.9974756,-3.0195910930633545,lgp-long,mu+lambda-ga,reward-unhealthy_termination,ant,105,18900
190,5.82866907119751,1000.0164184570312,-2.9380576610565186,190,823.6601402759552,105,1000.2392578125,4.131380081176758,999,247.14137268066406,1000.3355712890625,1000.3840942382812,791.3065185546875,6.490821361541748,995.5967407226562,999.7340087890625,999,190,905.4715576171875,-3.014667272567749,5.764196395874023,999,667.2351684570312,1000.3682861328125,1693582963.2060533,-2.7232213020324707,lgp-long,mu+lambda-ga,reward-unhealthy_termination,ant,105,19000
191,5.907702445983887,1000.1420288085938,-3.0658183097839355,191,827.8664450645447,105,1000.7714233398438,4.131600856781006,999,260.0378723144531,1000.9509887695312,1000.685546875,743.7570190429688,6.9546332359313965,982.4697875976562,1001.0398559570312,999,191,869.5523681640625,-3.1776692867279053,7.1949782371521,999,500.8123779296875,1001.9987182617188,1693582967.412358,-2.6731503009796143,lgp-long,mu+lambda-ga,reward-unhealthy_termination,ant,105,19100
192,6.083436965942383,1000.0927734375,-3.0740301609039307,192,832.0752069950104,105,1000.1290283203125,4.133823394775391,999,10027.294921875,1000.4967651367188,999.7535400390625,-270.9266357421875,5.350246429443359,986.1343383789062,1001.2437744140625,999,192,822.4776611328125,-2.504065752029419,7.406009197235107,999,606.6416625976562,1001.904296875,1693582971.62112,-2.896418333053589,lgp-long,mu+lambda-ga,reward-unhealthy_termination,ant,105,19200
193,6.213828086853027,1000.14599609375,-3.2615463733673096,193,836.2833642959595,105,1000.282470703125,4.132917881011963,999,239.89195251464844,1000.380126953125,1000.5077514648438,779.1488647460938,6.500911235809326,994.3956298828125,1000.5016479492188,999,193,850.1182861328125,-2.898249864578247,6.854371070861816,999,675.5331420898438,1000.4080200195312,1693582975.8292773,-2.976588010787964,lgp-long,mu+lambda-ga,reward-unhealthy_termination,ant,105,19300
194,7.279737949371338,1000.8572387695312,-2.9146370887756348,194,840.4899880886078,105,1001.0565795898438,4.1344523429870605,999,279.5030212402344,1001.1663208007812,1000.6954956054688,715.634033203125,6.966419219970703,985.996826171875,1001.4037475585938,999,194,714.9842529296875,-3.177095890045166,7.408467769622803,999,574.7017822265625,1001.3241577148438,1693582980.035901,-3.3329200744628906,lgp-long,mu+lambda-ga,reward-unhealthy_termination,ant,105,19400
195,6.172515392303467,1000.3255004882812,-2.8218629360198975,195,844.6966784000397,105,1000.4489135742188,4.137626647949219,999,273.53253173828125,1000.5465698242188,1000.1312866210938,734.2481079101562,6.314376354217529,993.0127563476562,1000.7973022460938,999,195,798.4096069335938,-3.090337038040161,6.711599826812744,999,566.586669921875,1001.4298095703125,1693582984.2425914,-2.7527482509613037,lgp-long,mu+lambda-ga,reward-unhealthy_termination,ant,105,19500
196,6.643215179443359,1000.8681640625,-3.2575223445892334,196,848.9063446521759,105,1000.76220703125,4.137115955352783,999,278.8724365234375,1000.929931640625,1000.6439819335938,717.3290405273438,6.975032329559326,992.9495849609375,1000.9747924804688,999,196,724.222412109375,-3.239485263824463,7.32412576675415,999,583.3222045898438,1001.353515625,1693582988.4522576,-2.681018590927124,lgp-long,mu+lambda-ga,reward-unhealthy_termination,ant,105,19600
197,5.9891228675842285,999.955078125,-3.047100305557251,197,853.1138572692871,105,1000.2742919921875,4.134274959564209,999,252.04139709472656,1000.455078125,999.4369506835938,722.274658203125,5.588443279266357,950.9248657226562,1000.8045043945312,999,197,759.5953369140625,-3.0595650672912598,6.944993495941162,999,506.80078125,1000.5166625976562,1693582992.6597703,-2.940352201461792,lgp-long,mu+lambda-ga,reward-unhealthy_termination,ant,105,19700
198,5.67304801940918,1000.0355834960938,-3.0285022258758545,198,857.3218402862549,105,1000.2385864257812,4.136940956115723,999,342.8458557128906,1000.375,1000.4168090820312,644.5492553710938,6.267599105834961,953.5921630859375,1000.14111328125,999,198,707.7330322265625,-2.7606351375579834,6.26199197769165,999,427.31512451171875,1000.391357421875,1693582996.8677533,-2.544881820678711,lgp-long,mu+lambda-ga,reward-unhealthy_termination,ant,105,19800
199,6.309812068939209,999.9987182617188,-3.1202504634857178,199,861.5322489738464,105,1000.0272216796875,4.1366472244262695,999,10020.42578125,1000.3137817382812,999.8025512695312,-337.9460754394531,5.75697660446167,978.7732543945312,1000.6036376953125,999,199,681.3496704101562,-2.863284111022949,6.816239833831787,999,451.0364074707031,1000.93896484375,1693583001.078162,-3.2170422077178955,lgp-long,mu+lambda-ga,reward-unhealthy_termination,ant,105,19900
200,5.873897552490234,1000.2238159179688,-3.4896137714385986,200,865.7379946708679,105,1000.104248046875,4.137396335601807,999,279.48651123046875,1000.6445922851562,999.6923217773438,707.8680419921875,5.489046573638916,982.9093017578125,1000.5665283203125,999,200,716.98779296875,-2.703660249710083,7.145167827606201,999,510.62335205078125,1001.0114135742188,1693583005.2839077,-2.5613396167755127,lgp-long,mu+lambda-ga,reward-unhealthy_termination,ant,105,20000
201,6.726158142089844,1000.3419799804688,-2.9373090267181396,201,869.944324016571,105,1000.4540405273438,4.137447357177734,999,287.89154052734375,1000.5996704101562,1000.6410522460938,685.1116943359375,6.6778564453125,941.5091552734375,1000.87890625,999,201,704.7523193359375,-2.9449355602264404,6.908420085906982,999,512.2168579101562,1001.1723022460938,1693583009.490237,-3.2912731170654297,lgp-long,mu+lambda-ga,reward-unhealthy_termination,ant,105,20100
202,6.242619514465332,999.9268798828125,-3.073395252227783,202,874.1544773578644,105,1000.0873413085938,4.129856109619141,999,312.0857849121094,1000.7335815429688,1000.0436401367188,686.9483642578125,6.12241792678833,992.27978515625,1000.671875,999,202,716.381103515625,-2.985938787460327,6.838221073150635,999,453.7676696777344,1001.0422973632812,1693583013.7003903,-3.222811222076416,lgp-long,mu+lambda-ga,reward-unhealthy_termination,ant,105,20200
203,6.780095100402832,1000.6672973632812,-2.994239330291748,203,878.3626751899719,105,1000.2277221679688,4.125439167022705,999,10022.64453125,1000.3082885742188,999.6791381835938,-335.7232666015625,5.579744815826416,993.9027709960938,1000.1986694335938,999,203,711.1416625976562,-2.8068604469299316,6.287018775939941,999,434.95770263671875,1000.4034423828125,1693583017.9085882,-3.0194146633148193,lgp-long,mu+lambda-ga,reward-unhealthy_termination,ant,105,20300
204,5.9785380363464355,999.9240112304688,-3.136091709136963,204,882.5703475475311,105,1000.4039916992188,4.125842571258545,999,270.15411376953125,1000.4384765625,1000.1648559570312,680.8110961914062,6.024122714996338,959.0879516601562,1000.7431030273438,999,204,694.9711303710938,-2.7673251628875732,6.971201419830322,999,507.25128173828125,1001.21728515625,1693583022.1162605,-2.961411237716675,lgp-long,mu+lambda-ga,reward-unhealthy_termination,ant,105,20400
205,5.738195419311523,999.5458984375,-3.1362617015838623,205,886.7790822982788,105,1000.3733520507812,4.1294474601745605,999,266.1858825683594,1000.4865112304688,998.9781494140625,712.2005004882812,5.372658729553223,974.7730712890625,1000.130859375,999,205,706.9619140625,-3.3016278743743896,6.359644889831543,999,600.1663818359375,1000.6033935546875,1693583026.3249953,-3.0984485149383545,lgp-long,mu+lambda-ga,reward-unhealthy_termination,ant,105,20500
206,6.737190246582031,1000.197265625,-3.1000983715057373,206,890.9863560199738,105,1000.4093017578125,4.1297688484191895,999,289.61767578125,1000.7583618164062,999.1475830078125,629.6107788085938,4.928640365600586,882.5902099609375,1000.3779296875,999,206,682.7894897460938,-2.687558889389038,6.571037292480469,999,406.6182556152344,1000.893310546875,1693583030.532269,-3.4473702907562256,lgp-long,mu+lambda-ga,reward-unhealthy_termination,ant,105,20600
207,6.050206661224365,999.8409423828125,-2.976210594177246,207,895.1946787834167,105,999.5794067382812,4.126674652099609,999,298.4330749511719,999.60693359375,999.2620239257812,634.391845703125,5.0698113441467285,886.6002197265625,999.9016723632812,999,207,687.5244140625,-2.7139456272125244,5.9714813232421875,999,417.68743896484375,1000.062744140625,1693583034.7405918,-3.117155075073242,lgp-long,mu+lambda-ga,reward-unhealthy_termination,ant,105,20700
208,6.996778964996338,1000.7830200195312,-2.942143440246582,208,899.4021995067596,105,1000.1397705078125,4.1307148933410645,999,286.2704162597656,1000.376220703125,999.4745483398438,656.3287353515625,5.257325172424316,937.1060180664062,1000.3689575195312,999,208,687.9974365234375,-2.69073748588562,6.404329776763916,999,456.18505859375,1000.5103759765625,1693583038.9481125,-3.1213388442993164,lgp-long,mu+lambda-ga,reward-unhealthy_termination,ant,105,20800
209,5.583716869354248,999.5364379882812,-2.9653713703155518,209,903.608996629715,105,999.7264404296875,4.129444599151611,999,282.8179931640625,1000.3643798828125,998.9693603515625,673.0592041015625,5.174245357513428,971.7313232421875,1000.8165893554688,999,209,690.193603515625,-3.1125857830047607,6.873629093170166,999,491.50244140625,1000.8118286132812,1693583043.1549096,-2.95391845703125,lgp-long,mu+lambda-ga,reward-unhealthy_termination,ant,105,20900
210,4.391507625579834,999.59375,-3.300657272338867,210,907.8170576095581,105,999.511962890625,4.121931076049805,999,310.93231201171875,999.8088989257812,999.6983642578125,644.9308471679688,5.8880157470703125,926.1312255859375,1000.4031372070312,999,210,694.5140380859375,-3.0971732139587402,6.795751094818115,999,492.76715087890625,1000.3641357421875,1693583047.3629706,-1.7069549560546875,lgp-long,mu+lambda-ga,reward-unhealthy_termination,ant,105,21000
211,6.0446295738220215,1000.0675659179688,-3.091613531112671,211,912.0275764465332,105,999.6290283203125,4.128827095031738,999,269.1808166503906,999.7849731445312,999.5504760742188,669.0977172851562,5.90465784072876,960.4259033203125,1000.9811401367188,999,211,670.1427001953125,-3.262328863143921,7.166081428527832,999,450.01678466796875,1001.0730590820312,1693583051.5734894,-2.8845348358154297,lgp-long,mu+lambda-ga,reward-unhealthy_termination,ant,105,21100
212,6.045236587524414,999.68212890625,-3.3668582439422607,212,916.2344791889191,105,999.2877807617188,4.126741886138916,999,294.6925964355469,1000.0232543945312,999.4658203125,652.4755859375,3.9029228687286377,943.4241943359375,1000.5304565429688,999,212,690.1382446289062,-1.3469868898391724,6.98967981338501,999,465.719482421875,1000.1248779296875,1693583055.7803922,-3.2690117359161377,lgp-long,mu+lambda-ga,reward-unhealthy_termination,ant,105,21200
213,5.901339530944824,999.9620361328125,-3.0565974712371826,213,920.4422905445099,105,999.670166015625,4.129528522491455,999,316.9701843261719,999.8135375976562,999.4476928710938,626.5704345703125,3.999316453933716,924.25341796875,1000.3093872070312,999,213,680.8158569335938,-1.4603999853134155,6.456928253173828,999,409.49658203125,1000.363525390625,1693583059.9882035,-2.8469860553741455,lgp-long,mu+lambda-ga,reward-unhealthy_termination,ant,105,21300
214,7.026915073394775,1000.9465942382812,-3.200655698776245,214,924.6517081260681,105,1000.1300659179688,4.129944801330566,999,362.3994140625,1000.7437133789062,1000.1863403320312,631.6365966796875,6.069304466247559,938.756591796875,1001.0927734375,999,214,695.1519775390625,-2.7914159297943115,7.384648323059082,999,442.05126953125,1001.5050048828125,1693583064.197621,-2.990861177444458,lgp-long,mu+lambda-ga,reward-unhealthy_termination,ant,105,21400
215,5.89676570892334,999.9267578125,-2.9886655807495117,215,928.8586602210999,105,1000.23486328125,4.131560325622559,999,249.00857543945312,1000.3349609375,999.7877197265625,686.1332397460938,6.128766059875488,884.4000244140625,1000.68310546875,999,215,695.8011474609375,-3.246250629425049,6.763951301574707,999,533.6243896484375,1001.3610229492188,1693583068.4045732,-2.8768928050994873,lgp-long,mu+lambda-ga,reward-unhealthy_termination,ant,105,21500
216,6.363454818725586,1000.4320678710938,-3.0817017555236816,216,933.0686357021332,105,1000.2975463867188,4.127556800842285,999,296.0104064941406,1000.81005859375,999.6736450195312,623.3400268554688,5.631609916687012,880.0863647460938,1001.2638549804688,999,216,644.8463134765625,-2.868108034133911,7.436562538146973,999,457.5855407714844,1001.2774047851562,1693583072.6145487,-2.8392012119293213,lgp-long,mu+lambda-ga,reward-unhealthy_termination,ant,105,21600
217,6.124485969543457,999.7885131835938,-3.316495895385742,217,937.2767686843872,105,999.66259765625,4.131369590759277,999,314.93096923828125,1000.086669921875,999.9537353515625,639.203125,5.797433376312256,873.015625,1000.4081420898438,999,217,694.090576171875,-2.7503044605255127,6.815930366516113,999,496.16107177734375,1000.8511352539062,1693583076.8226817,-3.241863965988159,lgp-long,mu+lambda-ga,reward-unhealthy_termination,ant,105,21700
218,6.73220157623291,1000.6754150390625,-3.2408223152160645,218,941.4848568439484,105,1000.947021484375,4.139740467071533,999,320.0164794921875,1001.013916015625,1000.4617309570312,639.9772338867188,6.675504207611084,946.8656005859375,1000.7669067382812,999,218,689.9111328125,-3.120990753173828,7.0991363525390625,999,485.54827880859375,1001.2267456054688,1693583081.0307698,-2.965200185775757,lgp-long,mu+lambda-ga,reward-unhealthy_termination,ant,105,21800
219,6.130218029022217,999.8075561523438,-2.9146082401275635,219,945.6936223506927,105,1000.255126953125,4.136502265930176,999,317.29534912109375,1000.2639770507812,1000.3703002929688,632.502685546875,6.699923038482666,881.4468383789062,1000.4594116210938,999,219,704.2227783203125,-3.23795485496521,6.468023777008057,999,417.28814697265625,1000.2994384765625,1693583085.2395353,-3.2307026386260986,lgp-long,mu+lambda-ga,reward-unhealthy_termination,ant,105,21900
220,6.914294719696045,1000.6830444335938,-2.764922618865967,220,949.9001748561859,105,1000.4166870117188,4.135589599609375,999,298.0816650390625,1000.6611938476562,1000.1148681640625,685.3507690429688,6.155726909637451,968.1402587890625,1000.4291381835938,999,220,708.8084716796875,-2.94791841506958,6.285958290100098,999,520.716552734375,1001.110595703125,1693583089.4460878,-3.1399903297424316,lgp-long,mu+lambda-ga,reward-unhealthy_termination,ant,105,22000
221,6.977055549621582,1000.7568359375,-3.0618374347686768,221,954.1091704368591,105,1000.6273193359375,4.133017063140869,999,10024.3671875,1000.876953125,1000.6273803710938,-304.23394775390625,6.669373512268066,993.8531494140625,1000.9288940429688,999,221,708.0467529296875,-2.9488747119903564,7.081973552703857,999,497.7868347167969,1000.976806640625,1693583093.6550834,-3.1300723552703857,lgp-long,mu+lambda-ga,reward-unhealthy_termination,ant,105,22100
222,6.721085548400879,1000.6129760742188,-2.645473003387451,222,958.3186733722687,105,1000.3873291015625,4.134991645812988,999,342.87530517578125,1001.3258056640625,1000.2445678710938,630.0909423828125,6.06576681137085,929.7958984375,1000.7974853515625,999,222,692.66259765625,-2.727376937866211,6.534994602203369,999,417.12384033203125,1001.4902954101562,1693583097.8645864,-3.015343427658081,lgp-long,mu+lambda-ga,reward-unhealthy_termination,ant,105,22200
223,6.012457370758057,1000.3670043945312,-3.0805487632751465,223,962.5254309177399,105,1000.292724609375,4.141055107116699,999,320.5400695800781,1000.533447265625,999.7962036132812,621.6573486328125,5.626613140106201,882.5735473632812,1000.9063720703125,999,223,676.5873413085938,-2.7373311519622803,7.079522609710693,999,403.6946716308594,1000.9033203125,1693583102.071344,-2.5576930046081543,lgp-long,mu+lambda-ga,reward-unhealthy_termination,ant,105,22300
224,6.953283786773682,1000.4249267578125,-3.02634334564209,224,966.7360990047455,105,1000.6187744140625,4.136248588562012,999,324.4271545410156,1000.6258544921875,1000.0798950195312,613.8331298828125,6.2078166007995605,902.1451416015625,1000.7610473632812,999,224,658.2196044921875,-3.03800368309021,6.88091516494751,999,406.95697021484375,1000.9578247070312,1693583106.282012,-3.4334373474121094,lgp-long,mu+lambda-ga,reward-unhealthy_termination,ant,105,22400
225,6.936439037322998,1000.5654296875,-2.780025005340576,225,970.9447906017303,105,1000.5739135742188,4.136777400970459,999,299.7249450683594,1000.575439453125,1000.4251098632812,619.8775634765625,6.657834529876709,878.0706176757812,1000.8468627929688,999,225,663.20166015625,-3.140721082687378,6.719420909881592,999,421.3703308105469,1000.9418334960938,1693583110.4907036,-3.2808234691619873,lgp-long,mu+lambda-ga,reward-unhealthy_termination,ant,105,22500
226,6.8661723136901855,1000.5802001953125,-2.6116440296173096,226,975.1489500999451,105,1000.4436645507812,4.139054775238037,999,306.1537170410156,1000.7867431640625,1000.08447265625,660.0171508789062,6.3003435134887695,964.0266723632812,1001.1028442382812,999,226,706.4088134765625,-3.1234335899353027,6.806793212890625,999,429.7120056152344,1001.4660034179688,1693583114.694863,-3.1942155361175537,lgp-long,mu+lambda-ga,reward-unhealthy_termination,ant,105,22600
227,6.31952428817749,1000.2083129882812,-3.0021793842315674,227,979.3592481613159,105,1000.2379760742188,4.1378045082092285,999,324.9853820800781,1001.0656127929688,999.9098510742188,628.589111328125,6.045966625213623,873.3604736328125,1000.0316772460938,999,227,679.72119140625,-3.0431201457977295,6.124339580535889,999,487.79534912109375,1001.1300048828125,1693583118.9051611,-3.019674062728882,lgp-long,mu+lambda-ga,reward-unhealthy_termination,ant,105,22700
228,6.069398403167725,999.9509887695312,-2.6837880611419678,228,983.5646905899048,105,1000.3322143554688,4.134144306182861,999,294.866455078125,1000.6842651367188,1000.2240600585938,691.212158203125,6.530117034912109,959.0641479492188,1000.1038208007812,999,228,794.28955078125,-3.21443247795105,5.883064270019531,999,482.6625061035156,1000.8291625976562,1693583123.1106036,-3.025778293609619,lgp-long,mu+lambda-ga,reward-unhealthy_termination,ant,105,22800
229,5.695161819458008,999.75341796875,-3.027475118637085,229,987.774165391922,105,999.54833984375,4.133993625640869,999,310.4251708984375,999.5877075195312,999.4937744140625,643.3170776367188,5.730617523193359,895.6925048828125,999.7716064453125,999,229,703.4136962890625,-3.1458516120910645,5.889429092407227,999,405.3004150390625,999.8792114257812,1693583127.3200784,-2.8471949100494385,lgp-long,mu+lambda-ga,reward-unhealthy_termination,ant,105,22900
230,7.36944055557251,1000.7930908203125,-2.9848108291625977,230,991.9827976226807,105,1000.2572631835938,4.135005474090576,999,315.7690734863281,1000.6410522460938,1000.7050170898438,637.5179443359375,6.729757785797119,896.1253662109375,1001.0245971679688,999,230,690.53955078125,-2.932938814163208,7.100407600402832,999,449.8313903808594,1001.2880859375,1693583131.5287106,-3.4843966960906982,lgp-long,mu+lambda-ga,reward-unhealthy_termination,ant,105,23000
231,6.526130676269531,1000.4439697265625,-3.2534561157226562,231,996.1880617141724,105,1000.2669677734375,4.121762752532959,999,311.0239562988281,1000.995849609375,999.67529296875,673.6980590820312,6.178830146789551,945.4046630859375,1001.3428955078125,999,231,708.4349365234375,-3.4083919525146484,7.6864542961120605,999,536.071533203125,1001.4105834960938,1693583135.7339747,-2.989943742752075,lgp-long,mu+lambda-ga,reward-unhealthy_termination,ant,105,23100
232,5.458395481109619,999.5222778320312,-3.0902953147888184,232,1000.3980448246002,105,999.4464721679688,4.113584041595459,999,310.2904968261719,999.9077758789062,1000.1990356445312,673.124267578125,6.099507808685303,901.8897705078125,1001.0486450195312,999,232,699.443115234375,-2.8089983463287354,7.2284159660339355,999,528.6328125,1001.441650390625,1693583139.9439578,-2.8421618938446045,lgp-long,mu+lambda-ga,reward-unhealthy_termination,ant,105,23200
233,6.568808078765869,1000.4078369140625,-3.075657367706299,233,1004.6076319217682,105,999.6976928710938,4.112180709838867,999,300.3184814453125,1000.2169799804688,998.8943481445312,639.2490234375,4.816807746887207,891.9640502929688,1000.2683715820312,999,233,684.7340087890625,-2.8314852714538574,6.437943458557129,999,423.28131103515625,1000.37744140625,1693583144.153545,-3.069303035736084,lgp-long,mu+lambda-ga,reward-unhealthy_termination,ant,105,23300
234,4.546009540557861,998.8461303710938,-3.133852481842041,234,1008.8141164779663,105,1000.179443359375,4.132472991943359,999,294.3633728027344,1000.252197265625,1000.4544067382812,682.291259765625,6.716302394866943,962.9414672851562,1000.2435913085938,999,234,705.9328002929688,-3.170656442642212,6.469470500946045,999,495.17657470703125,1000.3521118164062,1693583148.3600295,-2.6061222553253174,lgp-long,mu+lambda-ga,reward-unhealthy_termination,ant,105,23400
235,6.21462345123291,1000.015625,-2.5457100868225098,235,1013.0227146148682,105,1000.1417236328125,4.134207248687744,999,348.4584045410156,1000.464599609375,999.3768920898438,677.0360717773438,5.578021049499512,982.0684204101562,999.7520751953125,999,235,737.005126953125,-3.1094043254852295,5.390130519866943,999,458.8302001953125,1001.032958984375,1693583152.5686276,-3.1045610904693604,lgp-long,mu+lambda-ga,reward-unhealthy_termination,ant,105,23500
236,6.22151517868042,1000.1669921875,-3.177016019821167,236,1017.2314968109131,105,999.7882690429688,4.13950252532959,999,287.2170104980469,999.8240966796875,1000.11767578125,697.1124877929688,5.743767738342285,974.69873046875,999.9415283203125,999,236,704.2274169921875,-2.5344834327697754,6.213153839111328,999,569.2548828125,1000.04248046875,1693583156.7774098,-2.9614627361297607,lgp-long,mu+lambda-ga,reward-unhealthy_termination,ant,105,23600
237,5.94854211807251,999.8516845703125,-3.0189788341522217,237,1021.4415395259857,105,1000.09619140625,4.1407365798950195,999,307.7931213378906,1000.131103515625,1000.0777587890625,644.4589233398438,4.8490142822265625,952.0459594726562,1000.7890014648438,999,237,693.0302734375,-1.6823253631591797,6.900045871734619,999,425.59820556640625,1000.9268798828125,1693583160.9874525,-3.0027527809143066,lgp-long,mu+lambda-ga,reward-unhealthy_termination,ant,105,23700
238,6.7269287109375,1000.5076293945312,-2.9164559841156006,238,1025.6505711078644,105,999.9264526367188,4.142070293426514,999,326.4394226074219,1000.438232421875,999.7921752929688,651.8856201171875,6.364352703094482,940.6141967773438,1000.021484375,999,238,705.2762451171875,-3.482954740524292,6.028649806976318,999,480.1877136230469,1000.7164306640625,1693583165.196484,-3.1251304149627686,lgp-long,mu+lambda-ga,reward-unhealthy_termination,ant,105,23800
239,6.092286109924316,1000.072265625,-2.88004994392395,239,1029.8601109981537,105,999.5626220703125,4.137630939483643,999,10021.796875,1000.0482177734375,999.3785400390625,-336.15740966796875,4.241808891296387,986.5651245117188,1000.2451171875,999,239,701.2566528320312,-1.7712677717208862,6.218110084533691,999,461.0078125,1000.9800415039062,1693583169.406024,-2.931020975112915,lgp-long,mu+lambda-ga,reward-unhealthy_termination,ant,105,23900
240,5.207216739654541,999.5726928710938,-3.183861494064331,240,1034.0708439350128,105,1000.62353515625,4.135625839233398,999,278.1639404296875,1000.7857055664062,1000.64990234375,640.6600952148438,7.053047180175781,913.68212890625,1000.7758178710938,999,240,645.80322265625,-3.312047243118286,7.052073955535889,999,492.439208984375,1000.864990234375,1693583173.616757,-2.5440869331359863,lgp-long,mu+lambda-ga,reward-unhealthy_termination,ant,105,24000
241,5.700999736785889,999.4382934570312,-3.3507440090179443,241,1038.2807207107544,105,1000.0509033203125,4.137720584869385,999,350.49481201171875,1000.1054077148438,999.45703125,615.1387939453125,5.948442459106445,951.890380859375,1000.4721069335938,999,241,686.110107421875,-3.402517318725586,6.918063640594482,999,389.60260009765625,1000.7388916015625,1693583177.8266337,-3.1723554134368896,lgp-long,mu+lambda-ga,reward-unhealthy_termination,ant,105,24100
242,5.483811855316162,999.7279663085938,-2.9030768871307373,242,1042.4908163547516,105,999.9028930664062,4.142928600311279,999,297.412353515625,999.9834594726562,999.89208984375,699.6964111328125,6.246612548828125,975.5811157226562,1000.07177734375,999,242,759.1259765625,-3.2628395557403564,6.065377235412598,999,487.54791259765625,1000.7424926757812,1693583182.0367293,-2.664097785949707,lgp-long,mu+lambda-ga,reward-unhealthy_termination,ant,105,24200
243,6.514106750488281,1000.6718139648438,-3.1745431423187256,243,1046.699851989746,105,1000.6203002929688,4.139275550842285,999,335.4541320800781,1000.6204223632812,1000.6038208007812,656.5478515625,6.799575328826904,970.572998046875,1000.2189331054688,999,243,705.1553955078125,-3.105135440826416,6.484854221343994,999,487.7021484375,1000.7737426757812,1693583186.245765,-2.748706340789795,lgp-long,mu+lambda-ga,reward-unhealthy_termination,ant,105,24300
244,6.682821750640869,1000.5949096679688,-3.037123918533325,244,1050.9089267253876,105,1000.2535400390625,4.134470462799072,999,287.826171875,1000.4017333984375,999.6941528320312,727.7735595703125,5.873414039611816,994.5321044921875,999.9328002929688,999,244,830.0702514648438,-3.085731267929077,6.0644354820251465,999,575.44189453125,1000.4412841796875,1693583190.4548397,-2.9961304664611816,lgp-long,mu+lambda-ga,reward-unhealthy_termination,ant,105,24400
245,6.410476207733154,1000.2437744140625,-3.2317941188812256,245,1055.1272840499878,105,1000.6436157226562,4.133549690246582,999,285.86529541015625,1000.8238525390625,1000.4713134765625,685.2693481445312,6.378989219665527,966.4608764648438,1000.1996459960938,999,245,704.6741943359375,-2.8145592212677,6.525540351867676,999,545.3779296875,1000.9760131835938,1693583194.673197,-3.0723538398742676,lgp-long,mu+lambda-ga,reward-unhealthy_termination,ant,105,24500
246,6.112748622894287,1000.3199462890625,-3.223867177963257,246,1059.3384068012238,105,1000.5234985351562,4.138544082641602,999,358.88079833984375,1000.8645629882812,1000.9060668945312,650.7280883789062,7.002293586730957,980.295654296875,1000.5587768554688,999,246,744.17236328125,-3.0029335021972656,6.874629497528076,999,406.28436279296875,1001.384033203125,1693583198.8843198,-2.700350046157837,lgp-long,mu+lambda-ga,reward-unhealthy_termination,ant,105,24600
247,5.6376471519470215,999.7314453125,-3.185065507888794,247,1063.548410654068,105,1000.0018920898438,4.141213893890381,999,10016.228515625,1000.064453125,999.5858764648438,-404.2967834472656,5.957087516784668,903.0926513671875,1000.142578125,999,247,660.796875,-3.2809295654296875,6.415829658508301,999,426.8724365234375,1000.549560546875,1693583203.0943236,-2.814826726913452,lgp-long,mu+lambda-ga,reward-unhealthy_termination,ant,105,24700
248,6.080525875091553,1000.08984375,-2.8705596923828125,248,1067.757525920868,105,1000.5528564453125,4.141901016235352,999,292.1885986328125,1000.588623046875,1000.3385620117188,689.6406860351562,6.163244247436523,987.1243286132812,1000.35888671875,999,248,707.4015502929688,-2.7335989475250244,6.3209075927734375,999,479.608642578125,1000.9489135742188,1693583207.303439,-2.8989391326904297,lgp-long,mu+lambda-ga,reward-unhealthy_termination,ant,105,24800
249,6.205739498138428,1000.1224975585938,-3.244781494140625,249,1071.9662475585938,105,1000.5589599609375,4.141603469848633,999,306.45135498046875,1000.850830078125,999.8060913085938,665.6900634765625,6.048459053039551,987.718994140625,1000.9599609375,999,249,692.7866821289062,-3.1481988430023193,7.295937538146973,999,441.74005126953125,1001.0076293945312,1693583211.5121605,-2.990534543991089,lgp-long,mu+lambda-ga,reward-unhealthy_termination,ant,105,24900
250,6.847535610198975,1000.8487548828125,-3.1576859951019287,250,1076.175056695938,105,1000.051025390625,4.1423726081848145,999,322.61602783203125,1000.5931396484375,1000.2146606445312,643.437744140625,6.550952434539795,937.141845703125,1000.2351684570312,999,250,703.6468505859375,-3.244781494140625,6.484765529632568,999,422.1034851074219,1000.594970703125,1693583215.7209697,-2.905763864517212,lgp-long,mu+lambda-ga,reward-unhealthy_termination,ant,105,25000
251,7.022947788238525,1000.7898559570312,-3.0751352310180664,251,1080.384444952011,105,1000.2449951171875,4.143143653869629,999,352.5504455566406,1000.396484375,999.1470947265625,614.85595703125,5.155253887176514,882.3829956054688,1000.15380859375,999,251,675.455322265625,-2.9175901412963867,6.32366418838501,999,487.85772705078125,1000.46923828125,1693583219.930358,-3.141561508178711,lgp-long,mu+lambda-ga,reward-unhealthy_termination,ant,105,25100
252,6.787727355957031,1000.3998413085938,-2.7719476222991943,252,1084.594230890274,105,1000.120849609375,4.141482830047607,999,236.5522918701172,1000.5785522460938,1000.1193237304688,738.6654663085938,6.36700963973999,988.6703491210938,1000.5258178710938,999,252,745.5513916015625,-3.1570680141448975,6.387862205505371,999,580.7733154296875,1000.6810302734375,1693583224.1401439,-3.2962124347686768,lgp-long,mu+lambda-ga,reward-unhealthy_termination,ant,105,25200
253,6.034270763397217,999.9159545898438,-3.052318572998047,253,1088.8031759262085,105,1000.4459228515625,4.141823768615723,999,334.5808410644531,1000.5453491210938,1000.3610229492188,640.3815307617188,6.047428607940674,955.2822265625,1000.8075561523438,999,253,697.3507690429688,-2.5935680866241455,6.9508056640625,999,420.7264099121094,1000.7218627929688,1693583228.349089,-3.0246992111206055,lgp-long,mu+lambda-ga,reward-unhealthy_termination,ant,105,25300
254,5.625705718994141,999.7875366210938,-3.1767566204071045,254,1093.0127665996552,105,999.713623046875,4.137985706329346,999,287.9444885253906,1000.15185546875,999.6637573242188,633.1016235351562,6.243685245513916,879.5665893554688,1000.8721923828125,999,254,648.5858764648438,-3.492363452911377,7.1397223472595215,999,407.097412109375,1001.1203002929688,1693583232.5586796,-2.7458481788635254,lgp-long,mu+lambda-ga,reward-unhealthy_termination,ant,105,25400
255,6.516726970672607,1000.5370483398438,-3.671046495437622,255,1097.2237045764923,105,999.8507080078125,4.138724327087402,999,268.45745849609375,1000.8438720703125,1000.3893432617188,677.8988647460938,6.47261381149292,877.769287109375,1000.4159545898438,999,255,705.5662841796875,-2.9927074909210205,7.174408912658691,999,518.189208984375,1001.0310668945312,1693583236.7696176,-2.887576103210449,lgp-long,mu+lambda-ga,reward-unhealthy_termination,ant,105,25500
256,6.137277126312256,1000.0714721679688,-2.5722815990448,256,1101.4328422546387,105,1000.1570434570312,4.138309478759766,999,290.9851989746094,1000.2520751953125,999.8070678710938,678.3058471679688,5.9180474281311035,987.5592041015625,1001.341796875,999,256,684.5843505859375,-3.018141984939575,7.005862712860107,999,526.87744140625,1001.5089111328125,1693583240.9787552,-2.9750354290008545,lgp-long,mu+lambda-ga,reward-unhealthy_termination,ant,105,25600
257,4.967548847198486,999.3157348632812,-3.1157472133636475,257,1105.6431605815887,105,1000.2603149414062,4.139543533325195,999,334.09136962890625,1000.5418701171875,1000.0914916992188,631.3148193359375,6.496866703033447,899.4319458007812,1000.5817260742188,999,257,703.1947631835938,-3.310994863510132,6.789463996887207,999,430.67791748046875,1000.8009033203125,1693583245.1890736,-2.5595710277557373,lgp-long,mu+lambda-ga,reward-unhealthy_termination,ant,105,25700
258,6.321966171264648,1000.3406372070312,-2.684762954711914,258,1109.851263999939,105,999.8557739257812,4.138136386871338,999,10021.572265625,1000.1721801757812,999.5359497070312,-325.7909240722656,5.665652275085449,973.8096923828125,1000.2501831054688,999,258,705.693359375,-3.03849720954895,6.027738571166992,999,493.0423889160156,1000.4300537109375,1693583249.397177,-2.8887107372283936,lgp-long,mu+lambda-ga,reward-unhealthy_termination,ant,105,25800
259,6.002847671508789,1000.2111206054688,-3.048445463180542,259,1114.061782836914,105,1001.08251953125,4.137560844421387,999,271.5698547363281,1001.1820068359375,1000.7626342773438,678.6248168945312,7.217495918273926,957.3119506835938,1001.4486694335938,999,259,696.6650390625,-3.3619887828826904,7.5870842933654785,999,433.2385559082031,1002.0426025390625,1693583253.6076958,-2.6991491317749023,lgp-long,mu+lambda-ga,reward-unhealthy_termination,ant,105,25900
260,5.883774280548096,1000.0270385742188,-3.1534366607666016,260,1118.2738506793976,105,1000.9205322265625,4.132405757904053,999,296.15777587890625,1001.0253295898438,1000.2576293945312,689.75927734375,6.476918697357178,973.73486328125,1000.85205078125,999,260,705.2568359375,-3.127365827560425,7.097682952880859,999,473.28125,1001.158447265625,1693583257.8197637,-2.7645859718322754,lgp-long,mu+lambda-ga,reward-unhealthy_termination,ant,105,26000
261,6.125621318817139,1000.1304931640625,-2.8453996181488037,261,1122.48406291008,105,1000.0707397460938,4.136308670043945,999,269.5085144042969,1000.8529052734375,1000.3953247070312,667.8976440429688,6.505723476409912,895.5194091796875,1000.1647338867188,999,261,697.2869262695312,-3.015761613845825,6.098430156707764,999,485.03704833984375,1001.1531372070312,1693583262.029976,-2.903319835662842,lgp-long,mu+lambda-ga,reward-unhealthy_termination,ant,105,26100
262,6.252531051635742,1000.1890869140625,-3.048551321029663,262,1126.6912777423859,105,1000.5478515625,4.137661457061768,999,329.08404541015625,1000.7246704101562,999.8685913085938,639.0520629882812,5.743442058563232,937.5074462890625,1001.1007690429688,999,262,674.9926147460938,-2.7823128700256348,7.239682197570801,999,468.6533203125,1001.0813598632812,1693583266.2371907,-2.971078872680664,lgp-long,mu+lambda-ga,reward-unhealthy_termination,ant,105,26200
263,6.987645149230957,1000.81591796875,-3.1906981468200684,263,1130.9020466804504,105,1000.8447875976562,4.141430377960205,999,291.9273376464844,1000.9067993164062,1001.3065795898438,672.8366088867188,7.237579345703125,976.3218994140625,1001.4810791015625,999,263,702.3056640625,-2.839926242828369,7.762261390686035,999,497.437255859375,1001.6365356445312,1693583270.4479597,-3.0814054012298584,lgp-long,mu+lambda-ga,reward-unhealthy_termination,ant,105,26300
264,6.711209774017334,1000.3685913085938,-3.0760626792907715,264,1135.1123180389404,105,1000.2019653320312,4.1393609046936035,999,301.7894287109375,1000.5452270507812,1000.5499267578125,673.1867065429688,6.711429119110107,975.943359375,1000.6871337890625,999,264,708.2366943359375,-3.0705742835998535,6.854444980621338,999,472.6650390625,1001.1650390625,1693583274.658231,-3.250300645828247,lgp-long,mu+lambda-ga,reward-unhealthy_termination,ant,105,26400
265,6.079026699066162,1000.0851440429688,-2.82452654838562,265,1139.3205273151398,105,1000.1817626953125,4.13786506652832,999,306.566650390625,1000.81005859375,999.9879150390625,680.9953002929688,6.291923522949219,981.1978759765625,1000.1594848632812,999,265,702.0225830078125,-3.210339069366455,6.075366497039795,999,548.4810791015625,1001.0159912109375,1693583278.8664403,-2.900334596633911,lgp-long,mu+lambda-ga,reward-unhealthy_termination,ant,105,26500
266,5.9764723777771,1000.1866455078125,-3.0502681732177734,266,1143.5297996997833,105,1000.103271484375,4.1377272605896,999,257.262939453125,1000.1725463867188,1000.3015747070312,696.010986328125,6.28855037689209,915.30517578125,1000.5516967773438,999,266,705.811767578125,-2.8933308124542236,6.695823669433594,999,512.7874755859375,1000.3844604492188,1693583283.0757127,-2.698700189590454,lgp-long,mu+lambda-ga,reward-unhealthy_termination,ant,105,26600
267,6.546868801116943,1000.4252319335938,-2.9676220417022705,267,1147.7390766143799,105,1000.277587890625,4.139359474182129,999,315.84088134765625,1000.3540649414062,999.4954223632812,641.6881103515625,5.309520721435547,920.6644897460938,999.9288940429688,999,267,698.9524536132812,-2.7237656116485596,5.9865264892578125,999,406.055908203125,1000.4840698242188,1693583287.2849896,-3.029423475265503,lgp-long,mu+lambda-ga,reward-unhealthy_termination,ant,105,26700
268,7.468173503875732,1001.0390625,-3.003427267074585,268,1151.9496150016785,105,1000.3635864257812,4.142259120941162,999,268.35369873046875,1000.4700317382812,1000.5761108398438,668.030517578125,6.627007961273193,892.1309204101562,1000.7353515625,999,268,699.932861328125,-2.9577901363372803,6.829728603363037,999,484.39862060546875,1000.9007568359375,1693583291.495528,-3.3389954566955566,lgp-long,mu+lambda-ga,reward-unhealthy_termination,ant,105,26800
269,6.181310176849365,1000.0609741210938,-3.0903024673461914,269,1156.1567900180817,105,1000.0906982421875,4.139256477355957,999,281.524169921875,1000.3828125,999.8836059570312,684.0896606445312,6.173244476318359,942.5591430664062,1000.4693603515625,999,269,707.756103515625,-3.197666645050049,6.6508402824401855,999,504.0871887207031,1000.4304809570312,1693583295.702703,-3.0273544788360596,lgp-long,mu+lambda-ga,reward-unhealthy_termination,ant,105,26900
270,7.194496154785156,1000.8883666992188,-2.6880366802215576,270,1160.3675441741943,105,1000.3966674804688,4.13900899887085,999,300.7522888183594,1000.6512451171875,999.7316284179688,625.4996948242188,6.078250885009766,881.4668579101562,1000.4584350585938,999,270,671.8377075195312,-3.255254030227661,6.240212917327881,999,443.0117492675781,1000.709228515625,1693583299.9134572,-3.2157628536224365,lgp-long,mu+lambda-ga,reward-unhealthy_termination,ant,105,27000
271,6.51363468170166,1000.6106567382812,-3.1014955043792725,271,1164.5764260292053,105,1001.04541015625,4.137628555297852,999,354.7561950683594,1001.0838623046875,1000.9592895507812,624.0792236328125,7.115692138671875,947.7330932617188,1000.7987670898438,999,271,691.4755859375,-3.0659096240997314,6.991981506347656,999,414.17913818359375,1001.2938232421875,1693583304.122339,-2.8106725215911865,lgp-long,mu+lambda-ga,reward-unhealthy_termination,ant,105,27100
272,6.892243385314941,1000.5992431640625,-2.96242356300354,272,1168.7858481407166,105,1000.7032470703125,4.137109756469727,999,258.3291931152344,1000.8392944335938,1000.0502319335938,736.3914184570312,6.363234996795654,986.3787841796875,1001.17236328125,999,272,739.2643432617188,-3.220095157623291,7.226390838623047,999,590.532470703125,1001.4751586914062,1693583308.3317611,-3.2031056880950928,lgp-long,mu+lambda-ga,reward-unhealthy_termination,ant,105,27200
273,6.028750896453857,999.955078125,-2.806952476501465,273,1172.9940612316132,105,1000.1321411132812,4.139405250549316,999,268.97454833984375,1000.3113403320312,1000.2747192382812,693.2943115234375,6.6047587394714355,982.3546142578125,1000.0867309570312,999,273,705.1268920898438,-3.235917806625366,5.984172821044922,999,550.3709716796875,1000.43603515625,1693583312.5399742,-2.983261823654175,lgp-long,mu+lambda-ga,reward-unhealthy_termination,ant,105,27300
274,6.225513458251953,1000.4176025390625,-2.9680159091949463,274,1177.2034277915955,105,1000.403076171875,4.138408660888672,999,332.1607360839844,1000.9312744140625,999.96240234375,653.7508544921875,6.622981548309326,942.9732666015625,1000.9230346679688,999,274,700.9461669921875,-3.5671074390411377,6.983700752258301,999,427.11431884765625,1001.8297729492188,1693583316.7493408,-2.717069149017334,lgp-long,mu+lambda-ga,reward-unhealthy_termination,ant,105,27400
275,6.477311611175537,1000.4606323242188,-3.2043120861053467,275,1181.4133927822113,105,1000.4657592773438,4.137099742889404,999,326.0118713378906,1000.606201171875,999.9642944335938,635.5824584960938,6.145131587982178,924.3727416992188,1000.6786499023438,999,275,698.9713745117188,-3.0891880989074707,6.974338054656982,999,424.6871643066406,1000.6160888671875,1693583320.9593058,-2.9262638092041016,lgp-long,mu+lambda-ga,reward-unhealthy_termination,ant,105,27500
276,6.0505499839782715,1000.27490234375,-3.019500970840454,276,1185.6212737560272,105,1000.8709716796875,4.140143394470215,999,323.3697204589844,1001.0218505859375,1001.0514526367188,671.1476440429688,7.279225826263428,988.8172607421875,1001.4999389648438,999,276,723.21728515625,-3.1382105350494385,7.6116485595703125,999,425.4711608886719,1001.620849609375,1693583325.1671867,-2.682443618774414,lgp-long,mu+lambda-ga,reward-unhealthy_termination,ant,105,27600
277,6.347644805908203,1000.2434692382812,-3.2757866382598877,277,1189.828503370285,105,1000.28369140625,4.1359405517578125,999,305.8649597167969,1000.6911010742188,999.9867553710938,642.9021606445312,6.087599277496338,916.1098022460938,1000.5318603515625,999,277,683.509521484375,-3.010300397872925,6.900211334228516,999,415.5850830078125,1000.7110595703125,1693583329.3744164,-3.011798143386841,lgp-long,mu+lambda-ga,reward-unhealthy_termination,ant,105,27700
278,5.880633354187012,999.8134765625,-2.9533567428588867,278,1194.0370562076569,105,1000.4280395507812,4.134390830993652,999,346.9397888183594,1000.7316284179688,1000.0173950195312,596.46484375,6.199188232421875,879.6403198242188,1000.873046875,999,278,690.7730712890625,-3.0891597270965576,6.917639255523682,999,400.85321044921875,1000.8370361328125,1693583333.5829692,-2.9763545989990234,lgp-long,mu+lambda-ga,reward-unhealthy_termination,ant,105,27800
279,6.888350009918213,1000.4622192382812,-2.862370014190674,279,1198.24503159523,105,1000.4398803710938,4.134838581085205,999,340.16656494140625,1000.810302734375,1000.4008178710938,640.5441284179688,6.302720546722412,978.18408203125,1000.4473876953125,999,279,696.987060546875,-2.8140618801116943,6.40053129196167,999,441.77960205078125,1000.81640625,1693583337.7909446,-3.33489990234375,lgp-long,mu+lambda-ga,reward-unhealthy_termination,ant,105,27900
280,7.4822540283203125,1000.5150756835938,-3.1257996559143066,280,1202.4537200927734,105,1000.472412109375,4.137149810791016,999,280.0005798339844,1000.556884765625,1000.87060546875,658.8499145507812,6.762328624725342,975.2193603515625,1000.3994140625,999,280,662.1943359375,-2.803518533706665,6.618403911590576,999,462.9779052734375,1000.8151245117188,1693583341.999633,-3.877974033355713,lgp-long,mu+lambda-ga,reward-unhealthy_termination,ant,105,28000
281,7.1979899406433105,1001.263671875,-3.5085952281951904,281,1206.661205291748,105,1000.49169921875,4.133742809295654,999,331.277099609375,1001.193603515625,999.6430053710938,628.8334350585938,5.51531982421875,940.8385009765625,1000.1456909179688,999,281,679.2376098632812,-2.7784054279327393,6.742810249328613,999,445.6077880859375,1001.2630615234375,1693583346.2071183,-2.8425381183624268,lgp-long,mu+lambda-ga,reward-unhealthy_termination,ant,105,28100
282,6.018934726715088,999.5230712890625,-3.0308310985565186,282,1210.8686962127686,105,999.78564453125,4.131700038909912,999,298.3568420410156,999.9047241210938,999.52587890625,692.9609375,5.802517414093018,989.41796875,1000.4595947265625,999,282,723.657470703125,-3.188326835632324,6.582096099853516,999,511.6864013671875,1000.29638671875,1693583350.4146092,-3.405942916870117,lgp-long,mu+lambda-ga,reward-unhealthy_termination,ant,105,28200
283,6.8196845054626465,1000.7528686523438,-3.237745761871338,283,1215.075561761856,105,1000.4287719726562,4.132864475250244,999,311.0032653808594,1000.5633544921875,1000.7096557617188,696.805908203125,6.960679054260254,986.3179321289062,1000.2581176757812,999,283,749.4456176757812,-3.1577887535095215,6.5866899490356445,999,589.7199096679688,1000.6905517578125,1693583354.6214747,-2.973559856414795,lgp-long,mu+lambda-ga,reward-unhealthy_termination,ant,105,28300
284,6.446749210357666,1000.2560424804688,-3.2325761318206787,284,1219.2843554019928,105,1000.0050048828125,4.135794162750244,999,361.4381408691406,1000.4786376953125,999.8849487304688,695.0336303710938,6.164358615875244,990.2738037109375,1000.1378173828125,999,284,752.870849609375,-3.1882050037384033,6.463155269622803,999,524.4810180664062,1000.4921264648438,1693583358.8302684,-3.101895570755005,lgp-long,mu+lambda-ga,reward-unhealthy_termination,ant,105,28400
285,6.444556713104248,1000.0916137695312,-3.0956008434295654,285,1223.492469549179,105,999.9594116210938,4.136808395385742,999,353.8470458984375,1000.6640014648438,999.3729858398438,625.4909057617188,5.159634590148926,974.27001953125,1000.47998046875,999,285,693.896484375,-2.6955463886260986,6.667594909667969,999,388.38409423828125,1001.7529296875,1693583363.0383825,-3.2607524394989014,lgp-long,mu+lambda-ga,reward-unhealthy_termination,ant,105,28500
286,6.161078929901123,999.6897583007812,-3.531097888946533,286,1227.7019929885864,105,1000.3837890625,4.1366167068481445,999,319.1337890625,1000.4529418945312,1000.3899536132812,634.9314575195312,6.452502727508545,956.5435180664062,1000.54541015625,999,286,674.408203125,-2.9703948497772217,7.1693115234375,999,417.38446044921875,1000.5806884765625,1693583367.247906,-3.3806426525115967,lgp-long,mu+lambda-ga,reward-unhealthy_termination,ant,105,28600
287,6.048874855041504,1000.1158447265625,-3.7021853923797607,287,1231.9112238883972,105,1000.2073974609375,4.135148048400879,999,351.7334289550781,1000.3302612304688,1000.1698608398438,569.0869140625,6.703586578369141,879.900146484375,999.3936767578125,999,287,630.3326416015625,-3.4439446926116943,6.186572551727295,999,381.97015380859375,1000.6203002929688,1693583371.4571369,-2.8395564556121826,lgp-long,mu+lambda-ga,reward-unhealthy_termination,ant,105,28700
288,5.97487211227417,999.6138916015625,-2.869354009628296,288,1236.1212015151978,105,1000.1268920898438,4.143238067626953,999,294.77294921875,1000.2310791015625,1000.2826538085938,662.653564453125,6.278005123138428,934.5039672851562,1000.0975952148438,999,288,703.879638671875,-2.9012973308563232,6.05867862701416,999,463.1126403808594,1000.4172973632812,1693583375.6671145,-3.270204544067383,lgp-long,mu+lambda-ga,reward-unhealthy_termination,ant,105,28800
289,6.700077056884766,999.9279174804688,-3.1980197429656982,289,1240.3303847312927,105,1000.1256713867188,4.138875484466553,999,305.1014404296875,1000.339599609375,999.2318725585938,617.1342163085938,4.9060282707214355,920.99951171875,1001.0694580078125,999,289,669.465087890625,-2.5822741985321045,7.35830545425415,999,385.3083190917969,1000.4667358398438,1693583379.8762977,-3.6817824840545654,lgp-long,mu+lambda-ga,reward-unhealthy_termination,ant,105,28900
290,7.4185333251953125,1000.8875122070312,-3.023153066635132,290,1244.538726091385,105,1000.633056640625,4.138952255249023,999,336.6585388183594,1000.939697265625,1000.7521362304688,621.4633178710938,6.887533664703369,960.1800537109375,1000.6976928710938,999,290,680.6024169921875,-3.0427589416503906,6.8125457763671875,999,407.85528564453125,1001.1941528320312,1693583384.084639,-3.440281391143799,lgp-long,mu+lambda-ga,reward-unhealthy_termination,ant,105,29000
291,6.9070658683776855,1000.4613647460938,-2.9438889026641846,291,1248.750770330429,105,1000.2229614257812,4.13141393661499,999,322.48095703125,1000.2405395507812,999.9161987304688,641.242431640625,6.0877299308776855,955.720947265625,1000.3268432617188,999,291,692.5048828125,-3.0800838470458984,6.361584663391113,999,449.96405029296875,1000.5911254882812,1693583388.2966833,-3.356771469116211,lgp-long,mu+lambda-ga,reward-unhealthy_termination,ant,105,29100
292,6.678142070770264,1000.2265625,-2.8670952320098877,292,1252.9572989940643,105,999.9453125,4.109781742095947,999,291.8758850097656,999.9696044921875,1000.0546264648438,665.4733276367188,6.244520664215088,969.3474731445312,999.8937377929688,999,292,696.9998168945312,-3.097855806350708,5.8522138595581055,999,488.11700439453125,1000.0513916015625,1693583392.503212,-3.360563039779663,lgp-long,mu+lambda-ga,reward-unhealthy_termination,ant,105,29200
293,6.529461860656738,999.9794311523438,-2.913672924041748,293,1257.1664564609528,105,1000.498779296875,4.1371588706970215,999,312.14727783203125,1000.50439453125,1000.0565795898438,654.5533447265625,6.076180934906006,910.45263671875,1000.3318481445312,999,293,699.74560546875,-2.9270803928375244,6.3373918533325195,999,465.884033203125,1000.6507568359375,1693583396.7123694,-3.4603774547576904,lgp-long,mu+lambda-ga,reward-unhealthy_termination,ant,105,29300
294,6.719211578369141,1000.3527221679688,-2.9452977180480957,294,1261.375994682312,105,1000.545166015625,4.118120193481445,999,331.595703125,1000.832275390625,1000.4672241210938,637.4252319335938,6.6659979820251465,947.4324951171875,1000.9398803710938,999,294,705.239990234375,-3.1080639362335205,6.976849555969238,999,404.675048828125,1000.8328247070312,1693583400.9219077,-3.2761008739471436,lgp-long,mu+lambda-ga,reward-unhealthy_termination,ant,105,29400
295,6.581348419189453,1000.1139526367188,-3.4709420204162598,295,1265.5859882831573,105,1000.032470703125,4.1210246086120605,999,10014.634765625,1000.3803100585938,1000.0394897460938,-390.4591064453125,6.156777381896973,784.80126953125,1000.02783203125,999,295,678.6105346679688,-3.025376558303833,6.588405132293701,999,410.0959777832031,1000.4575805664062,1693583405.1319013,-3.3751866817474365,lgp-long,mu+lambda-ga,reward-unhealthy_termination,ant,105,29500
296,7.081482887268066,1000.5751342773438,-3.122770071029663,296,1269.795142173767,105,1000.6111450195312,4.115598201751709,999,190.9080047607422,1000.7127685546875,999.9955444335938,832.8016967773438,6.000094890594482,994.3577270507812,1000.4229736328125,999,296,888.937744140625,-2.911968231201172,6.636163234710693,999,696.3751220703125,1001.1336059570312,1693583409.3410552,-3.4124889373779297,lgp-long,mu+lambda-ga,reward-unhealthy_termination,ant,105,29600
297,7.102197170257568,1000.3843994140625,-3.1092441082000732,297,1274.0047290325165,105,1000.1683349609375,4.1145758628845215,999,250.94281005859375,1000.5103149414062,1000.2269897460938,732.1915283203125,6.559567451477051,969.6429443359375,1000.2722778320312,999,297,740.73681640625,-3.241527557373047,6.475047588348389,999,571.9622192382812,1000.7538452148438,1693583413.550642,-3.627643585205078,lgp-long,mu+lambda-ga,reward-unhealthy_termination,ant,105,29700
298,6.660135746002197,1000.5354614257812,-3.124368667602539,298,1278.2142488956451,105,1000.5411376953125,4.107605457305908,999,10023.2822265625,1001.0745239257812,1000.3623046875,-320.1268005371094,6.394644260406494,990.4348754882812,1001.4579467773438,999,298,766.9818725585938,-2.93794846534729,7.6712799072265625,999,471.33917236328125,1001.9318237304688,1693583417.7601619,-3.032827138900757,lgp-long,mu+lambda-ga,reward-unhealthy_termination,ant,105,29800
299,7.229833126068115,1000.8201293945312,-3.4338433742523193,299,1282.4258778095245,105,1000.9672241210938,4.107040882110596,999,211.39891052246094,1001.1590576171875,1000.0606689453125,821.2363891601562,6.298064231872559,996.3709716796875,1000.6822509765625,999,299,893.6285400390625,-3.145613431930542,7.205876350402832,999,691.611572265625,1001.2796630859375,1693583421.9717908,-3.3175442218780518,lgp-long,mu+lambda-ga,reward-unhealthy_termination,ant,105,29900
300,7.258121013641357,1001.1571655273438,-3.046217203140259,300,1286.6329181194305,105,1000.6187133789062,4.107532024383545,999,271.0981750488281,1001.1223754882812,1000.1478881835938,792.269775390625,6.569710731506348,996.2818603515625,1000.69970703125,999,300,902.05517578125,-3.329054355621338,6.837123394012451,999,698.3035888671875,1001.8562622070312,1693583426.178831,-3.0098483562469482,lgp-long,mu+lambda-ga,reward-unhealthy_termination,ant,105,30000
301,6.5031561851501465,1000.2963256835938,-3.256460666656494,301,1290.8405001163483,105,1000.0856323242188,4.127357006072998,999,278.31915283203125,1000.2484130859375,999.9796142578125,773.7074584960938,6.248002529144287,992.5533447265625,1000.1156616210938,999,301,889.3237915039062,-3.1762046813964844,6.46346378326416,999,639.6893920898438,1000.5012817382812,1693583430.386413,-3.1156976222991943,lgp-long,mu+lambda-ga,reward-unhealthy_termination,ant,105,30100
302,6.5014519691467285,1000.3692626953125,-3.1205499172210693,302,1295.047602891922,105,1000.6642456054688,4.134732723236084,999,321.4990539550781,1000.7477416992188,1000.3923950195312,713.7037353515625,6.575079441070557,987.4315185546875,1000.5277709960938,999,302,803.8529052734375,-3.0914926528930664,6.738643169403076,999,556.8629760742188,1001.19970703125,1693583434.5935159,-3.041416883468628,lgp-long,mu+lambda-ga,reward-unhealthy_termination,ant,105,30200
303,6.6084184646606445,1000.2224731445312,-3.036853551864624,303,1299.2560513019562,105,999.755126953125,4.13234281539917,999,323.3059997558594,1000.0045166015625,999.2431030273438,697.6661376953125,5.195237159729004,984.5908203125,1000.2506103515625,999,303,828.466552734375,-2.8586559295654297,6.376506805419922,999,508.90106201171875,1000.885498046875,1693583438.8019643,-3.2950141429901123,lgp-long,mu+lambda-ga,reward-unhealthy_termination,ant,105,30300
304,6.912874698638916,1000.6500244140625,-3.1441924571990967,304,1303.463958978653,105,999.9771728515625,4.129927635192871,999,270.6772766113281,1000.604736328125,999.9993286132812,707.9366455078125,5.671550273895264,954.5389404296875,1001.0580444335938,999,304,745.6573486328125,-2.5787277221679688,7.295793056488037,999,583.4757080078125,1001.6105346679688,1693583443.009872,-3.1701321601867676,lgp-long,mu+lambda-ga,reward-unhealthy_termination,ant,105,30400
305,6.6123576164245605,1000.412109375,-2.741328001022339,305,1307.6728446483612,105,1000.009521484375,4.131809711456299,999,233.1327667236328,1000.2249755859375,998.6611328125,788.398193359375,4.640493392944336,992.2095336914062,999.7314453125,999,305,857.2811279296875,-2.8892343044281006,5.5610527992248535,999,686.9539794921875,1000.2705078125,1693583447.2187576,-3.107948064804077,lgp-long,mu+lambda-ga,reward-unhealthy_termination,ant,105,30500
306,7.460511684417725,1000.5145874023438,-3.051429510116577,306,1311.8804471492767,105,1000.54150390625,4.129238605499268,999,281.505615234375,1001.0240478515625,999.509765625,723.4212036132812,5.299664497375488,993.4425659179688,1001.1790161132812,999,306,842.1397094726562,-2.6949100494384766,7.319790840148926,999,546.8475952148438,1001.2210693359375,1693583451.4263601,-3.8578343391418457,lgp-long,mu+lambda-ga,reward-unhealthy_termination,ant,105,30600
307,6.137927532196045,1000.2911987304688,-3.105412244796753,307,1316.0881707668304,105,1000.1211547851562,4.128932476043701,999,283.1872253417969,1000.8939819335938,999.9963989257812,783.25390625,7.315865993499756,995.80859375,1000.9042358398438,999,307,923.1666259765625,-4.230289936065674,7.101211071014404,999,611.61181640625,1001.0503540039062,1693583455.6340837,-2.7543017864227295,lgp-long,mu+lambda-ga,reward-unhealthy_termination,ant,105,30700
308,7.370997905731201,1000.30078125,-3.4694347381591797,308,1320.2966332435608,105,1000.1647338867188,4.132924556732178,999,253.51470947265625,1000.3504028320312,999.4710083007812,762.357177734375,8.630162239074707,994.9512329101562,999.5042114257812,999,308,862.3020629882812,-6.075687885284424,6.063893795013428,999,594.1124877929688,1000.9541625976562,1693583459.8425462,-3.9800071716308594,lgp-long,mu+lambda-ga,reward-unhealthy_termination,ant,105,30800
309,6.717984199523926,1000.20166015625,-3.238501787185669,309,1324.5029692649841,105,999.84765625,4.133724212646484,999,10027.6181640625,999.897705078125,999.4498901367188,-261.4067077636719,5.431288242340088,994.45068359375,999.0016479492188,999,309,804.1810302734375,-2.8883416652679443,5.331480503082275,999,564.620849609375,999.9398803710938,1693583464.0488822,-3.4245688915252686,lgp-long,mu+lambda-ga,reward-unhealthy_termination,ant,105,30900
310,6.753506660461426,1000.4893798828125,-3.0367271900177,310,1328.7091991901398,105,1000.2551879882812,4.137232780456543,999,222.36215209960938,1000.70947265625,999.9298706054688,810.016845703125,6.127064228057861,995.9794311523438,1000.5548706054688,999,310,868.8826904296875,-3.1066060066223145,6.678681373596191,999,703.2515869140625,1001.4786376953125,1693583468.2551122,-3.173555850982666,lgp-long,mu+lambda-ga,reward-unhealthy_termination,ant,105,31000
311,7.108340740203857,1000.7081298828125,-2.9714298248291016,311,1332.9200286865234,105,1000.5112915039062,4.1320319175720215,999,261.40655517578125,1000.5269775390625,999.6438598632812,782.7526245117188,6.267235279083252,996.5390014648438,1000.7429809570312,999,311,880.4368286132812,-3.5338566303253174,6.8079962730407715,999,655.5930786132812,1001.3056640625,1693583472.4659417,-3.3113677501678467,lgp-long,mu+lambda-ga,reward-unhealthy_termination,ant,105,31100
312,6.538769721984863,1000.1226806640625,-3.218491792678833,312,1337.1271193027496,105,999.8826904296875,4.135137557983398,999,295.7462158203125,1000.551025390625,999.5929565429688,717.2965698242188,5.944673538208008,984.1817626953125,1000.7299194335938,999,312,785.241943359375,-3.2605741024017334,7.037362098693848,999,564.67822265625,1000.697265625,1693583476.6730323,-3.3257267475128174,lgp-long,mu+lambda-ga,reward-unhealthy_termination,ant,105,31200
313,6.690434455871582,1000.4777221679688,-2.976041078567505,313,1341.337609052658,105,1000.1619873046875,4.135867118835449,999,285.72528076171875,1000.7705078125,999.76171875,752.7704467773438,6.035773754119873,992.56640625,1000.7570190429688,999,313,859.644287109375,-3.180462598800659,6.8233256340026855,999,625.0507202148438,1001.3786010742188,1693583480.883522,-3.1211369037628174,lgp-long,mu+lambda-ga,reward-unhealthy_termination,ant,105,31300
314,6.026261806488037,999.8970947265625,-3.071953535079956,314,1345.6451041698456,105,1000.0432739257812,4.215465068817139,999,238.9438934326172,1000.2216186523438,999.8642578125,806.4107666015625,6.1200056076049805,995.0601806640625,1001.1486206054688,999,314,918.3258056640625,-3.163954496383667,7.31135892868042,999,693.8549194335938,1001.104248046875,1693583485.1910172,-3.037797212600708,lgp-long,mu+lambda-ga,reward-unhealthy_termination,ant,105,31400
315,6.26165246963501,1000.0744018554688,-3.036487340927124,315,1349.8543572425842,105,999.88623046875,4.133279800415039,999,243.2409210205078,999.9302368164062,999.7658081054688,756.2571411132812,5.8758745193481445,996.0747680664062,1001.0421752929688,999,315,771.0374755859375,-3.0194671154022217,7.170444488525391,999,591.0469360351562,1001.2637939453125,1693583489.4002702,-3.096035957336426,lgp-long,mu+lambda-ga,reward-unhealthy_termination,ant,105,31500
316,6.354404449462891,1000.3959350585938,-3.059743881225586,316,1354.059937953949,105,1000.022705078125,4.1378173828125,999,320.3170471191406,1000.432373046875,1000.1534423828125,722.5014038085938,6.484711647033691,995.721923828125,1000.26953125,999,316,861.6471557617188,-3.237834930419922,6.419413089752197,999,510.2768859863281,1000.6736450195312,1693583493.605851,-2.8667118549346924,lgp-long,mu+lambda-ga,reward-unhealthy_termination,ant,105,31600
317,5.445645332336426,999.85205078125,-3.1181113719940186,317,1358.2699587345123,105,999.9916381835938,4.138213157653809,999,291.6010437011719,1000.0664672851562,999.7950439453125,746.108642578125,6.267877101898193,995.8401489257812,1000.7826538085938,999,317,861.0413818359375,-3.3827342987060547,6.993750095367432,999,576.92431640625,1000.72216796875,1693583497.8158717,-2.5031778812408447,lgp-long,mu+lambda-ga,reward-unhealthy_termination,ant,105,31700
318,6.473519325256348,999.97509765625,-3.0365231037139893,318,1362.477148771286,105,1000.45849609375,4.137171745300293,999,258.9732971191406,1000.58642578125,1000.3883666992188,776.6724853515625,6.82274866104126,995.4992065429688,1000.3707885742188,999,318,869.9607543945312,-3.344144821166992,6.4994072914123535,999,650.0367431640625,1000.6322631835938,1693583502.0230618,-3.4083619117736816,lgp-long,mu+lambda-ga,reward-unhealthy_termination,ant,105,31800
319,5.8445563316345215,999.9768676757812,-3.043015718460083,319,1366.6860377788544,105,1000.3672485351562,4.13546085357666,999,292.8507385253906,1000.3867797851562,1000.6383056640625,720.1902465820312,6.777761936187744,993.2972412109375,1000.43798828125,999,319,766.7589111328125,-3.047391653060913,6.5725321769714355,999,607.8175048828125,1000.9303588867188,1693583506.2319508,-2.7762649059295654,lgp-long,mu+lambda-ga,reward-unhealthy_termination,ant,105,31900
320,6.009651184082031,999.7367553710938,-3.049896717071533,320,1370.893667459488,105,999.7721557617188,4.1163482666015625,999,350.17578125,1000.2723388671875,999.6536254882812,684.8280029296875,5.929664611816406,992.7891235351562,1000.310546875,999,320,818.2355346679688,-3.1839346885681152,6.452195167541504,999,451.6155700683594,1000.3217163085938,1693583510.4395804,-3.182352066040039,lgp-long,mu+lambda-ga,reward-unhealthy_termination,ant,105,32000
321,6.71416711807251,1000.5111694335938,-3.105672836303711,321,1375.1046583652496,105,1000.0745239257812,4.1161932945251465,999,319.802001953125,1000.1773071289062,1000.1737670898438,700.5510864257812,6.794604778289795,996.2199096679688,999.9909057617188,999,321,801.1707153320312,-3.531923770904541,6.188594818115234,999,497.7016906738281,1000.8828125,1693583514.6505713,-3.114466428756714,lgp-long,mu+lambda-ga,reward-unhealthy_termination,ant,105,32100
322,7.380853176116943,1000.7693481445312,-2.783630847930908,322,1379.314620733261,105,1000.61474609375,4.115479946136475,999,289.1707458496094,1000.7365112304688,1000.7548217773438,718.0341796875,7.298912048339844,984.342041015625,1000.7587890625,999,322,785.0891723632812,-3.453638792037964,6.632378578186035,999,571.09521484375,1001.14892578125,1693583518.8605337,-3.5215213298797607,lgp-long,mu+lambda-ga,reward-unhealthy_termination,ant,105,32200
323,6.472508907318115,1000.3875122070312,-2.619594097137451,323,1383.522590637207,105,1000.1619873046875,4.114397048950195,999,10021.53515625,1000.5368041992188,1000.291015625,-338.5556945800781,7.027549743652344,984.24365234375,1000.5370483398438,999,323,700.758544921875,-3.646413564682007,6.249250888824463,999,456.3363342285156,1000.7011108398438,1693583523.0685036,-2.994161367416382,lgp-long,mu+lambda-ga,reward-unhealthy_termination,ant,105,32300
324,7.178224086761475,1001.1973876953125,-3.114612340927124,324,1387.7331657409668,105,1000.7349243164062,4.117406845092773,999,275.18048095703125,1000.8914794921875,1000.5079345703125,738.4222412109375,6.584815979003906,994.1865234375,1000.6876831054688,999,324,773.3954467773438,-2.9877140522003174,6.893306255340576,999,591.5623168945312,1001.0387573242188,1693583527.2790787,-2.892155170440674,lgp-long,mu+lambda-ga,reward-unhealthy_termination,ant,105,32400
325,7.083075046539307,1000.8380737304688,-2.910919666290283,325,1391.9416060447693,105,1000.67919921875,4.117578029632568,999,10023.544921875,1000.8175659179688,1000.6241455078125,-325.03778076171875,6.967573642730713,988.8372802734375,1000.7335815429688,999,325,813.5364990234375,-3.2519912719726562,6.7369513511657715,999,476.2271728515625,1000.8938598632812,1693583531.487519,-3.154482126235962,lgp-long,mu+lambda-ga,reward-unhealthy_termination,ant,105,32500
326,6.199008941650391,1000.7265625,-2.9593505859375,326,1396.1522641181946,105,1001.5174560546875,4.115853786468506,999,244.3961639404297,1001.52734375,1001.53662109375,778.4407348632812,7.495028972625732,996.529052734375,1001.2056884765625,999,326,827.767822265625,-2.8709349632263184,7.256154537200928,999,672.6267700195312,1001.6841430664062,1693583535.698177,-2.3787238597869873,lgp-long,mu+lambda-ga,reward-unhealthy_termination,ant,105,32600
327,6.908596992492676,1001.31201171875,-2.590257406234741,327,1400.3622965812683,105,1000.9273071289062,4.118579864501953,999,10025.2099609375,1001.5370483398438,1000.7877197265625,-280.8039245605469,7.518577575683594,978.1168823242188,1001.5272827148438,999,327,753.3284301757812,-3.640787124633789,7.207464694976807,999,580.2325439453125,1002.1817016601562,1693583539.9082096,-2.5052883625030518,lgp-long,mu+lambda-ga,reward-unhealthy_termination,ant,105,32700
328,6.361846446990967,1000.7025756835938,-2.7695395946502686,328,1404.5715985298157,105,1000.97509765625,4.1144819259643555,999,293.2169494628906,1001.0145263671875,1001.0857543945312,750.1796875,7.304781436920166,997.2476806640625,1001.4557495117188,999,328,834.120849609375,-3.130178451538086,7.316094398498535,999,637.3873291015625,1001.1162109375,1693583544.1175115,-2.5674593448638916,lgp-long,mu+lambda-ga,reward-unhealthy_termination,ant,105,32800
329,6.8940019607543945,1000.6160278320312,-2.7719647884368896,329,1408.7783851623535,105,1001.1600952148438,4.110036373138428,999,247.16323852539062,1001.2471313476562,1001.3865356445312,742.4276123046875,7.540008544921875,988.1065673828125,1001.2335815429688,999,329,743.458251953125,-3.0648317337036133,7.097503185272217,999,652.9295654296875,1001.7042236328125,1693583548.3242981,-3.188368320465088,lgp-long,mu+lambda-ga,reward-unhealthy_termination,ant,105,32900
330,7.161969184875488,1001.3224487304688,-2.8260579109191895,330,1412.9856927394867,105,1001.5581665039062,4.111616611480713,999,300.6925964355469,1001.7307739257812,1001.34521484375,712.4301147460938,7.351206302642822,975.3529052734375,1001.1976928710938,999,330,778.0313720703125,-2.915456533432007,7.1168389320373535,999,564.2763671875,1002.0709838867188,1693583552.5316057,-2.748764753341675,lgp-long,mu+lambda-ga,reward-unhealthy_termination,ant,105,33000
331,6.705399990081787,1000.7857666015625,-2.5551044940948486,331,1417.1945157051086,105,1001.0905151367188,4.1104254722595215,999,333.8203125,1001.1729125976562,1000.7509155273438,697.021484375,7.139194488525391,992.2391357421875,1001.6720581054688,999,331,773.8801879882812,-3.299668073654175,7.318824291229248,999,506.1893005371094,1001.9361572265625,1693583556.7404287,-2.8280930519104004,lgp-long,mu+lambda-ga,reward-unhealthy_termination,ant,105,33100
332,7.7908477783203125,1002.1114501953125,-2.218700647354126,332,1421.4006853103638,105,1001.450927734375,4.1130523681640625,999,307.15118408203125,1001.8228759765625,1000.8736572265625,709.7040405273438,6.748332977294922,995.8135986328125,1001.3507690429688,999,332,808.0472412109375,-2.7828729152679443,6.661683082580566,999,467.0459899902344,1001.952392578125,1693583560.9465983,-2.58783221244812,lgp-long,mu+lambda-ga,reward-unhealthy_termination,ant,105,33200
333,7.183866024017334,1001.6315307617188,-3.035510540008545,333,1425.609061717987,105,1001.5096435546875,4.112494945526123,999,317.0482177734375,1001.7077026367188,1001.0316772460938,703.027587890625,6.784726619720459,985.7199096679688,1001.6671752929688,999,333,762.1982421875,-2.6633894443511963,7.7919135093688965,999,495.6243896484375,1001.7694702148438,1693583565.1549747,-2.4613687992095947,lgp-long,mu+lambda-ga,reward-unhealthy_termination,ant,105,33300
334,7.320680141448975,1001.2366333007812,-2.688856601715088,334,1429.8154599666595,105,1001.4183959960938,4.113234996795654,999,319.5046081542969,1001.5017700195312,1000.8839721679688,685.3777465820312,6.814469814300537,996.3646240234375,1001.6091918945312,999,334,708.1365966796875,-2.8406853675842285,7.387448310852051,999,479.87933349609375,1001.7022094726562,1693583569.361373,-2.9935357570648193,lgp-long,mu+lambda-ga,reward-unhealthy_termination,ant,105,33400
335,7.9430975914001465,1001.8259887695312,-2.898836851119995,335,1434.0250840187073,105,1001.2437744140625,4.115494251251221,999,313.40130615234375,1002.0250854492188,1000.90966796875,766.466064453125,6.6759490966796875,996.917724609375,1001.9778442382812,999,335,939.2665405273438,-2.6745917797088623,7.967624187469482,999,618.6277465820312,1002.0317993164062,1693583573.570997,-3.0257556438446045,lgp-long,mu+lambda-ga,reward-unhealthy_termination,ant,105,33500
336,6.962733745574951,1001.4635620117188,-2.9233767986297607,336,1438.2317926883698,105,1001.58447265625,4.114649772644043,999,303.6185302734375,1001.6471557617188,1001.0916137695312,724.6512451171875,6.670485019683838,994.137939453125,1001.6343994140625,999,336,849.8819580078125,-2.486721992492676,7.645672798156738,999,482.97442626953125,1001.8200073242188,1693583577.7777057,-2.4091241359710693,lgp-long,mu+lambda-ga,reward-unhealthy_termination,ant,105,33600
337,7.332141399383545,1001.4104614257812,-2.5109715461730957,337,1442.4395773410797,105,1001.6578979492188,4.113866806030273,999,304.2910461425781,1001.8983764648438,1001.1765747070312,718.34521484375,7.3657965660095215,995.0823974609375,1002.1044311523438,999,337,793.6935424804688,-3.0962297916412354,7.7051310539245605,999,575.4414672851562,1001.993408203125,1693583581.9854903,-2.8307747840881348,lgp-long,mu+lambda-ga,reward-unhealthy_termination,ant,105,33700
338,7.23388671875,1001.3757934570312,-3.2134079933166504,338,1446.6482148170471,105,1001.4285888671875,4.115407466888428,999,337.4980163574219,1001.4373168945312,1000.58544921875,685.6927490234375,6.51357364654541,979.4237060546875,1001.2377319335938,999,338,753.2528076171875,-2.8372116088867188,7.542037487030029,999,519.990478515625,1001.940673828125,1693583586.1941278,-2.767993211746216,lgp-long,mu+lambda-ga,reward-unhealthy_termination,ant,105,33800
339,8.340381622314453,1002.1612548828125,-2.4688611030578613,339,1450.8541939258575,105,1001.884765625,4.116470813751221,999,311.033935546875,1002.0418701171875,1001.81591796875,729.8197631835938,7.69426965713501,992.8812866210938,1001.1936645507812,999,339,795.702880859375,-2.788020610809326,6.754532814025879,999,597.2371826171875,1002.273193359375,1693583590.400107,-3.090099811553955,lgp-long,mu+lambda-ga,reward-unhealthy_termination,ant,105,33900
340,6.877813816070557,1001.0993041992188,-3.274513006210327,340,1455.0633025169373,105,1001.5370483398438,4.115957260131836,999,306.14019775390625,1001.7725219726562,1001.0663452148438,675.3807373046875,7.0836710929870605,976.1048583984375,1001.3119506835938,999,340,711.234375,-2.9268054962158203,7.675839424133301,999,505.0522155761719,1002.0809326171875,1693583594.6092155,-2.6889402866363525,lgp-long,mu+lambda-ga,reward-unhealthy_termination,ant,105,34000
341,7.939713954925537,1001.8287353515625,-2.664010763168335,341,1459.2706291675568,105,1002.0008544921875,4.115602970123291,999,389.63671875,1002.0372314453125,1001.6570434570312,648.8402709960938,7.638862609863281,986.804443359375,1001.4528198242188,999,341,709.373779296875,-2.8927090167999268,7.208515167236328,999,497.2361755371094,1002.0942993164062,1693583598.8165421,-3.0204882621765137,lgp-long,mu+lambda-ga,reward-unhealthy_termination,ant,105,34100
342,8.115225791931152,1001.5145874023438,-3.115567684173584,342,1463.478015422821,105,1001.3929443359375,4.11836576461792,999,316.6986083984375,1001.5662841796875,1000.5475463867188,672.5228271484375,6.84719181060791,979.4556884765625,1001.6564331054688,999,342,702.7760620117188,-3.2089526653289795,7.861165523529053,999,494.3132019042969,1001.8103637695312,1693583603.0239284,-3.516162872314453,lgp-long,mu+lambda-ga,reward-unhealthy_termination,ant,105,34200
343,7.560956001281738,1001.2420043945312,-2.676478147506714,343,1467.688202381134,105,1001.9838256835938,4.118996620178223,999,374.3863220214844,1002.2036743164062,1001.6241455078125,655.243896484375,7.092355251312256,977.0818481445312,1001.6331176757812,999,343,723.6561279296875,-2.375200033187866,7.400522708892822,999,470.9852294921875,1002.24951171875,1693583607.2341154,-3.2285892963409424,lgp-long,mu+lambda-ga,reward-unhealthy_termination,ant,105,34300
344,6.643977642059326,1000.7566528320312,-2.686593770980835,344,1471.9982998371124,105,1001.8018798828125,4.181896209716797,999,329.30462646484375,1001.808349609375,1000.9874267578125,671.99365234375,6.478093147277832,986.8895263671875,1000.9076538085938,999,344,711.2498779296875,-2.4004318714141846,6.685334205627441,999,500.9189453125,1001.9135131835938,1693583611.5442128,-2.7961204051971436,lgp-long,mu+lambda-ga,reward-unhealthy_termination,ant,105,34400
345,6.893811225891113,1001.2716674804688,-2.4220387935638428,345,1476.1051669120789,105,1001.9307250976562,3.9751393795013428,999,326.6704406738281,1002.0955200195312,1001.5362548828125,698.1174926757812,7.410703182220459,993.9352416992188,1001.5807495117188,999,345,754.8047485351562,-2.784543037414551,7.093730926513672,999,507.38067626953125,1002.1914672851562,1693583615.65108,-2.5327632427215576,lgp-long,mu+lambda-ga,reward-unhealthy_termination,ant,105,34500
346,7.1466217041015625,1000.90576171875,-2.958167791366577,346,1480.2119584083557,105,1001.3695678710938,4.009983062744141,999,299.6020812988281,1001.405517578125,1001.3265991210938,738.6995239257812,7.164048194885254,995.4837036132812,1001.1620483398438,999,346,812.8350830078125,-2.7456064224243164,7.210404872894287,999,585.0409545898438,1001.5206909179688,1693583619.7578714,-3.1547694206237793,lgp-long,mu+lambda-ga,reward-unhealthy_termination,ant,105,34600
347,8.217941284179688,1001.7994995117188,-2.6332645416259766,347,1484.3285591602325,105,1002.0230102539062,4.007338523864746,999,264.7178649902344,1002.0656127929688,1001.5949096679688,764.53076171875,7.704257488250732,995.3147583007812,1001.4003295898438,999,347,855.71337890625,-3.018150568008423,7.124803066253662,999,654.56640625,1002.4575805664062,1693583623.8744721,-3.3351287841796875,lgp-long,mu+lambda-ga,reward-unhealthy_termination,ant,105,34700
348,7.96630859375,1001.9132080078125,-2.850520372390747,348,1488.431468486786,105,1001.857177734375,3.996290922164917,999,299.10986328125,1001.8709716796875,1001.3291015625,727.537109375,6.978011608123779,995.0281982421875,1002.0413208007812,999,348,816.7099609375,-2.5607011318206787,7.982975959777832,999,607.1177368164062,1002.215576171875,1693583627.9773815,-2.9621455669403076,lgp-long,mu+lambda-ga,reward-unhealthy_termination,ant,105,34800
349,7.531984806060791,1001.8920288085938,-2.6988346576690674,349,1492.5371577739716,105,1001.9515991210938,4.005925178527832,999,312.31646728515625,1002.0604248046875,1001.5841064453125,698.724853515625,7.361643314361572,975.0,1001.9063720703125,999,349,744.9044799804688,-2.688577890396118,7.6931915283203125,999,547.148681640625,1002.3027954101562,1693583632.0830708,-2.548628091812134,lgp-long,mu+lambda-ga,reward-unhealthy_termination,ant,105,34900
350,7.710886478424072,1001.6672973632812,-2.6814005374908447,350,1496.6433365345001,105,1002.0316162109375,4.000155448913574,999,327.1239013671875,1002.1507568359375,1001.7146606445312,654.6749267578125,7.299717903137207,991.0802001953125,1002.1204223632812,999,350,705.1767578125,-2.4940176010131836,7.891732215881348,999,421.9000244140625,1002.2723999023438,1693583636.1892495,-2.9523122310638428,lgp-long,mu+lambda-ga,reward-unhealthy_termination,ant,105,35000
351,8.099820137023926,1002.0323486328125,-2.6141135692596436,351,1500.7493104934692,105,1002.0123291015625,4.003189563751221,999,294.70843505859375,1002.214599609375,1002.06201171875,683.5514526367188,8.369135856628418,971.4848022460938,1002.0149536132812,999,351,716.07763671875,-3.2210865020751953,7.718758583068848,999,489.0909729003906,1002.3692016601562,1693583640.2952235,-2.977128744125366,lgp-long,mu+lambda-ga,reward-unhealthy_termination,ant,105,35100
352,7.523244380950928,1001.9161987304688,-2.696974277496338,352,1504.854629278183,105,1001.913330078125,3.9995505809783936,999,10022.6767578125,1002.0385131835938,1001.9457397460938,-333.0725402832031,7.906209468841553,995.0654907226562,1001.6741333007812,999,352,705.3272705078125,-2.870741605758667,7.462708950042725,999,479.91241455078125,1002.173095703125,1693583644.4005423,-2.515380620956421,lgp-long,mu+lambda-ga,reward-unhealthy_termination,ant,105,35200
353,7.424191951751709,1001.5739135742188,-2.691948652267456,353,1508.959236383438,105,1001.7493896484375,3.9952895641326904,999,335.9749450683594,1002.1205444335938,1001.2345581054688,695.246337890625,7.321544647216797,997.7781982421875,1002.0234375,999,353,751.8265380859375,-2.9986534118652344,7.808021545410156,999,499.84051513671875,1002.1300048828125,1693583648.5051494,-2.760388135910034,lgp-long,mu+lambda-ga,reward-unhealthy_termination,ant,105,35300
354,7.697396755218506,1001.9586181640625,-2.7614355087280273,354,1513.0642206668854,105,1001.835693359375,4.000218868255615,999,318.21746826171875,1002.1270751953125,1001.6117553710938,651.70556640625,7.468533992767334,963.587158203125,1002.3007202148438,999,354,704.6435546875,-2.7655575275421143,8.152276039123535,999,454.3106994628906,1002.2645263671875,1693583652.6101336,-2.6500861644744873,lgp-long,mu+lambda-ga,reward-unhealthy_termination,ant,105,35400
355,7.255134105682373,1001.6491088867188,-2.9335153102874756,355,1517.1698832511902,105,1001.7854614257812,4.0008544921875,999,310.1501159667969,1001.9737548828125,1001.4758911132812,711.8038940429688,7.262014865875244,993.5994873046875,1001.9765014648438,999,355,766.49072265625,-2.694671392440796,8.001173973083496,999,549.9586181640625,1002.310791015625,1693583656.7157962,-2.5152995586395264,lgp-long,mu+lambda-ga,reward-unhealthy_termination,ant,105,35500
356,8.109977722167969,1001.9039916992188,-2.3675429821014404,356,1521.2762362957,105,1001.9802856445312,4.003917217254639,999,321.0670166015625,1002.1070556640625,1001.9500122070312,661.1800537109375,7.565728664398193,977.1676025390625,1001.9655151367188,999,356,707.3206176757812,-2.524890899658203,7.4220194816589355,999,518.6051025390625,1002.215576171875,1693583660.8221493,-3.1193315982818604,lgp-long,mu+lambda-ga,reward-unhealthy_termination,ant,105,35600
357,8.09999942779541,1002.0805053710938,-2.8632209300994873,357,1525.3808002471924,105,1002.1237182617188,3.999602794647217,999,308.27081298828125,1002.2874755859375,1002.0899658203125,644.0347290039062,8.1420316696167,979.5748291015625,1001.79833984375,999,357,704.46826171875,-2.9618911743164062,7.752433776855469,999,416.6990661621094,1002.3171997070312,1693583664.9267132,-2.9303486347198486,lgp-long,mu+lambda-ga,reward-unhealthy_termination,ant,105,35700
358,7.765527248382568,1001.5709228515625,-3.0139927864074707,358,1529.4863889217377,105,1002.177490234375,3.9962213039398193,999,305.4972839355469,1002.2330322265625,1001.96240234375,722.036376953125,7.882904052734375,996.7424926757812,1001.8677978515625,999,358,842.4066772460938,-2.830038547515869,7.971741676330566,999,496.1165771484375,1002.256591796875,1693583669.032302,-3.106233835220337,lgp-long,mu+lambda-ga,reward-unhealthy_termination,ant,105,35800
359,7.274049282073975,1001.5193481445312,-2.9674744606018066,359,1533.5920572280884,105,1001.798583984375,3.9995691776275635,999,318.0745849609375,1001.9791870117188,1001.8486328125,696.0393676757812,7.664516448974609,991.8607177734375,1001.6199340820312,999,359,761.298828125,-2.7242603302001953,7.675147533416748,999,499.6549987792969,1002.1173706054688,1693583673.1379702,-2.665269136428833,lgp-long,mu+lambda-ga,reward-unhealthy_termination,ant,105,35900
360,8.379077911376953,1002.0975952148438,-3.340944290161133,360,1537.6900992393494,105,1002.0494995117188,3.9937775135040283,999,330.35198974609375,1002.2089233398438,1000.7442626953125,676.0298461914062,6.634749889373779,985.4773559570312,1002.2704467773438,999,360,708.200927734375,-2.799196243286133,8.697768211364746,999,482.5220947265625,1002.3984375,1693583677.2360122,-3.191815137863159,lgp-long,mu+lambda-ga,reward-unhealthy_termination,ant,105,36000
361,7.641229152679443,1001.9797973632812,-2.4733970165252686,361,1541.7974879741669,105,1001.8175048828125,3.9727914333343506,999,10028.3046875,1001.8944091796875,1001.9682006835938,-266.7532043457031,7.982886791229248,993.523681640625,1001.7691650390625,999,361,855.3702392578125,-2.926305055618286,7.334423065185547,999,602.788330078125,1002.2749633789062,1693583681.343401,-2.5708584785461426,lgp-long,mu+lambda-ga,reward-unhealthy_termination,ant,105,36100
362,7.4031219482421875,1001.7055053710938,-2.8352086544036865,362,1545.9047141075134,105,1002.1973266601562,3.9798717498779297,999,338.01885986328125,1002.3317260742188,1002.0556640625,659.4984130859375,8.064366340637207,995.3653564453125,1002.3308715820312,999,362,745.6904907226562,-2.920682668685913,8.256082534790039,999,431.5443115234375,1002.3997802734375,1693583685.450627,-2.60941743850708,lgp-long,mu+lambda-ga,reward-unhealthy_termination,ant,105,36200
363,6.993962287902832,1001.3724975585938,-2.7597713470458984,363,1550.0156099796295,105,1001.991943359375,3.999241352081299,999,379.9671325683594,1002.0972900390625,1001.82421875,670.8731079101562,7.6397271156311035,987.92578125,1001.0160522460938,999,363,806.989990234375,-2.725192070007324,6.8675665855407715,999,501.1832275390625,1002.4146728515625,1693583689.561523,-2.530698537826538,lgp-long,mu+lambda-ga,reward-unhealthy_termination,ant,105,36300
364,8.274806022644043,1001.9630737304688,-3.0256659984588623,364,1554.121339559555,105,1001.906005859375,4.005538463592529,999,314.5489807128906,1002.0408935546875,1001.0487670898438,696.0534057617188,6.769167423248291,992.56005859375,1002.0216674804688,999,364,772.406005859375,-2.6284823417663574,8.13608455657959,999,471.8427734375,1002.1614990234375,1693583693.6672525,-3.2213311195373535,lgp-long,mu+lambda-ga,reward-unhealthy_termination,ant,105,36400
365,6.918478488922119,1001.2569580078125,-2.913668394088745,365,1558.22971701622,105,1001.9563598632812,3.982614517211914,999,300.177490234375,1001.9830322265625,1001.2257690429688,724.8352661132812,7.104799747467041,994.2198486328125,1002.0656127929688,999,365,826.2318725585938,-2.788451671600342,8.068768501281738,999,518.1128540039062,1002.1593017578125,1693583697.77563,-2.5719988346099854,lgp-long,mu+lambda-ga,reward-unhealthy_termination,ant,105,36500
366,8.272971153259277,1002.1770629882812,-2.4510464668273926,366,1562.3417837619781,105,1001.976318359375,4.003827095031738,999,10021.43359375,1002.0272827148438,1001.6171264648438,-332.5442810058594,8.029321670532227,974.7601318359375,1001.9674682617188,999,366,708.5632934570312,-3.3291893005371094,7.5062079429626465,999,421.0193176269531,1002.3803100585938,1693583701.8876967,-3.005892038345337,lgp-long,mu+lambda-ga,reward-unhealthy_termination,ant,105,36600
367,7.964361667633057,1002.1174926757812,-3.198657274246216,367,1566.454775094986,105,1002.272216796875,4.008176803588867,999,386.19757080078125,1002.2726440429688,1002.2254028320312,622.838623046875,9.02606201171875,996.8558959960938,1002.2084350585938,999,367,709.1773681640625,-3.718759536743164,8.496147155761719,999,430.2292785644531,1002.3048095703125,1693583706.000688,-2.7599637508392334,lgp-long,mu+lambda-ga,reward-unhealthy_termination,ant,105,36700
368,7.394331455230713,1001.5097045898438,-3.7374074459075928,368,1570.5657832622528,105,1001.9047241210938,4.008312702178955,999,338.8404541015625,1002.146728515625,1001.2716674804688,636.6088256835938,7.296224117279053,981.619140625,1002.0519409179688,999,368,706.93798828125,-2.9354426860809326,8.87175464630127,999,423.33355712890625,1002.1729736328125,1693583710.1116962,-2.7952098846435547,lgp-long,mu+lambda-ga,reward-unhealthy_termination,ant,105,36800
369,7.798611640930176,1001.6185913085938,-3.505958318710327,369,1574.6753225326538,105,1001.8155517578125,4.014388561248779,999,345.37579345703125,1002.0767822265625,1001.3038330078125,639.6774291992188,6.91754150390625,980.457763671875,1001.8361206054688,999,369,707.0177001953125,-2.523103713989258,8.425524711608887,999,459.609375,1002.0977172851562,1693583714.2212355,-3.0937459468841553,lgp-long,mu+lambda-ga,reward-unhealthy_termination,ant,105,36900
370,8.248282432556152,1001.9921875,-3.0215625762939453,370,1578.7857613563538,105,1002.0565185546875,4.021037578582764,999,312.0434875488281,1002.1397705078125,1001.7081298828125,612.9136962890625,7.732495307922363,899.9472045898438,1001.8026733398438,999,370,615.3255615234375,-2.934323310852051,7.9136576652526855,999,402.6204833984375,1002.394775390625,1693583718.3316743,-3.1682143211364746,lgp-long,mu+lambda-ga,reward-unhealthy_termination,ant,105,37000
371,8.28148078918457,1001.9885864257812,-3.248858690261841,371,1582.896012544632,105,1001.9337158203125,4.019209384918213,999,10021.2060546875,1001.9628295898438,1001.2633056640625,-348.5886535644531,7.318027496337891,944.7630004882812,1002.2836303710938,999,371,708.9868774414062,-2.9635918140411377,8.615462303161621,999,452.834716796875,1002.6514892578125,1693583722.4419255,-3.2043533325195312,lgp-long,mu+lambda-ga,reward-unhealthy_termination,ant,105,37100
372,7.679996013641357,1001.99951171875,-2.3724582195281982,372,1587.0070278644562,105,1002.1192016601562,4.014675617218018,999,276.5486755371094,1002.2871704101562,1001.1962280273438,788.791259765625,7.139855861663818,998.018310546875,1001.6514892578125,999,372,900.1807861328125,-2.8542885780334473,7.114804267883301,999,690.7265625,1002.3980712890625,1693583726.5529408,-2.588822603225708,lgp-long,mu+lambda-ga,reward-unhealthy_termination,ant,105,37200
373,7.127315521240234,1001.3297119140625,-2.770411252975464,373,1591.1152167320251,105,1001.5260009765625,4.008848190307617,999,323.6711120605469,1001.869384765625,1000.9910278320312,713.8348388671875,7.057203769683838,995.9221801757812,1001.7926635742188,999,373,754.72119140625,-2.9792659282684326,7.6549072265625,999,589.7455444335938,1001.9354858398438,1693583730.6611297,-2.70782732963562,lgp-long,mu+lambda-ga,reward-unhealthy_termination,ant,105,37300
374,7.286412239074707,1001.3709106445312,-2.592973470687866,374,1595.226994752884,105,1001.7274780273438,4.00597620010376,999,10026.60546875,1002.0400390625,1001.5234375,-278.70855712890625,7.080550670623779,995.2325439453125,1001.5118408203125,999,374,769.4915161132812,-2.4637882709503174,7.194088935852051,999,563.9482421875,1002.3818969726562,1693583734.7729077,-2.8247745037078857,lgp-long,mu+lambda-ga,reward-unhealthy_termination,ant,105,37400
375,7.684462070465088,1001.7631225585938,-2.5470902919769287,375,1599.3371908664703,105,1001.882568359375,4.004812717437744,999,429.7955322265625,1002.04541015625,1001.8302612304688,550.5489501953125,7.940934181213379,994.4444580078125,1001.5570678710938,999,375,706.5278930664062,-3.0220558643341064,7.195683479309082,999,190.54989624023438,1002.330078125,1693583738.8831038,-2.832841634750366,lgp-long,mu+lambda-ga,reward-unhealthy_termination,ant,105,37500
376,6.576488494873047,1000.74951171875,-2.7223241329193115,376,1603.4498744010925,105,1002.1701049804688,3.9992971420288086,999,340.1286926269531,1002.1815795898438,1001.43408203125,676.6246948242188,7.159867763519287,995.89208984375,1001.4573364257812,999,376,709.8780517578125,-2.635788679122925,7.269677639007568,999,450.4462890625,1002.225341796875,1693583742.9957874,-2.735048294067383,lgp-long,mu+lambda-ga,reward-unhealthy_termination,ant,105,37600
377,7.2333221435546875,1001.3001098632812,-2.9078316688537598,377,1607.560903787613,105,1001.841064453125,3.9953436851501465,999,312.81610107421875,1002.107421875,1001.2164916992188,664.8657836914062,6.976633548736572,945.5086669921875,1001.7166137695312,999,377,707.7161865234375,-2.669614553451538,7.714882850646973,999,501.5989990234375,1002.23974609375,1693583747.1068168,-2.844097137451172,lgp-long,mu+lambda-ga,reward-unhealthy_termination,ant,105,37700
378,7.655500888824463,1001.7550048828125,-2.658039093017578,378,1611.6705327033997,105,1001.7220458984375,3.9915192127227783,999,288.7001953125,1001.8685302734375,1001.478515625,713.8972778320312,7.147693157196045,981.2335205078125,1001.7711791992188,999,378,799.9708251953125,-2.58020281791687,7.5186052322387695,999,504.6923522949219,1001.9999389648438,1693583751.2164457,-2.811573028564453,lgp-long,mu+lambda-ga,reward-unhealthy_termination,ant,105,37800
379,6.832960605621338,1000.8458862304688,-2.995805501937866,379,1615.7806086540222,105,1001.4349975585938,4.00468111038208,999,282.5793762207031,1001.7537841796875,1001.3676147460938,721.0795288085938,7.429736614227295,994.4073486328125,1001.6246337890625,999,379,797.6743774414062,-2.972135305404663,7.711091041564941,999,501.6246643066406,1002.1541137695312,1693583755.3265216,-2.894916296005249,lgp-long,mu+lambda-ga,reward-unhealthy_termination,ant,105,37900
380,8.20714282989502,1001.8927612304688,-2.7867660522460938,380,1619.8904912471771,105,1001.8291015625,3.9947924613952637,999,329.6744384765625,1001.9661254882812,1001.4042358398438,647.315673828125,7.332482814788818,975.9479370117188,1001.837890625,999,380,684.8944702148438,-2.8396048545837402,7.713883399963379,999,459.1564636230469,1001.970947265625,1693583759.4364042,-3.2242188453674316,lgp-long,mu+lambda-ga,reward-unhealthy_termination,ant,105,38000
381,6.966313362121582,1001.2164306640625,-2.670978307723999,381,1624.0023174285889,105,1001.7323608398438,3.9972307682037354,999,330.3580322265625,1001.7901611328125,1001.212890625,675.0147705078125,7.016719341278076,990.8484497070312,1001.5958251953125,999,381,707.4130859375,-2.7146544456481934,7.355814456939697,999,460.6624755859375,1002.4044799804688,1693583763.5482304,-2.6592438220977783,lgp-long,mu+lambda-ga,reward-unhealthy_termination,ant,105,38100
382,7.3883256912231445,1001.6332397460938,-2.60817289352417,382,1628.11310172081,105,1001.9677734375,3.9987847805023193,999,306.78814697265625,1002.0091552734375,1001.4840087890625,667.2516479492188,7.243897914886475,945.0280151367188,1000.89111328125,999,382,709.0021362304688,-2.6679558753967285,6.590700626373291,999,471.1756591796875,1002.05322265625,1693583767.6590147,-2.6636204719543457,lgp-long,mu+lambda-ga,reward-unhealthy_termination,ant,105,38200
383,7.171627044677734,1001.3864135742188,-3.0582239627838135,383,1632.2220952510834,105,1001.7481079101562,3.9789860248565674,999,312.41339111328125,1002.0084838867188,1001.1010131835938,648.2657470703125,6.9499711990356445,965.9818725585938,1001.8832397460938,999,383,706.9680786132812,-2.7581374645233154,8.031216621398926,999,416.6786804199219,1002.1895751953125,1693583771.7680082,-2.6961653232574463,lgp-long,mu+lambda-ga,reward-unhealthy_termination,ant,105,38300
384,7.590632915496826,1001.3283081054688,-2.706594228744507,384,1636.3321061134338,105,1001.8052368164062,3.9726576805114746,999,340.4458923339844,1001.9865112304688,1000.8492431640625,625.9398193359375,6.449258327484131,985.9168090820312,1001.7232666015625,999,384,684.534912109375,-2.5084173679351807,7.520259380340576,999,420.94525146484375,1002.1597900390625,1693583775.878019,-3.172069549560547,lgp-long,mu+lambda-ga,reward-unhealthy_termination,ant,105,38400
385,6.733467102050781,1001.1058959960938,-2.323958158493042,385,1640.4422025680542,105,1001.6265869140625,3.9703001976013184,999,333.4522399902344,1001.7640991210938,1001.5252075195312,619.496337890625,7.318492412567139,889.7225341796875,1001.6427612304688,999,385,706.2261352539062,-2.7015223503112793,7.057994365692139,999,417.43939208984375,1001.8660888671875,1693583779.9881155,-2.5361573696136475,lgp-long,mu+lambda-ga,reward-unhealthy_termination,ant,105,38500
386,7.3242621421813965,1001.5014038085938,-2.415236473083496,386,1644.553863286972,105,1001.6859741210938,3.978717803955078,999,334.15093994140625,1001.78564453125,1001.1057739257812,664.2958984375,6.946266174316406,993.900390625,1001.86962890625,999,386,708.6762084960938,-2.750675678253174,7.37664794921875,999,420.91058349609375,1001.8439331054688,1693583784.0997763,-2.7309329509735107,lgp-long,mu+lambda-ga,reward-unhealthy_termination,ant,105,38600
387,7.841914653778076,1001.6179809570312,-2.705625534057617,387,1648.66304397583,105,1002.0513305664062,4.009120464324951,999,309.6568908691406,1002.1634521484375,1000.6052856445312,673.0840454101562,6.599705696105957,994.3548583984375,1002.3031616210938,999,387,707.0250244140625,-2.905156373977661,8.099761962890625,999,474.34661865234375,1002.3289794921875,1693583788.208957,-3.1346640586853027,lgp-long,mu+lambda-ga,reward-unhealthy_termination,ant,105,38700
388,7.27087926864624,1001.4236450195312,-2.597583532333374,388,1652.771717786789,105,1001.6475219726562,4.0090718269348145,999,308.37445068359375,1001.7634887695312,1001.6785278320312,718.1331176757812,7.3253068923950195,994.21337890625,1001.5343627929688,999,388,770.6973266601562,-2.556044816970825,7.222883701324463,999,561.414794921875,1001.8839111328125,1693583792.3176308,-2.755774736404419,lgp-long,mu+lambda-ga,reward-unhealthy_termination,ant,105,38800
389,7.259237766265869,1001.4508666992188,-3.0883114337921143,389,1656.880434513092,105,1001.7191162109375,4.00816535949707,999,366.0164489746094,1001.8346557617188,1001.6575317382812,675.384765625,7.1881279945373535,995.3046875,1002.1251831054688,999,389,770.7685546875,-2.4383034706115723,8.302485466003418,999,483.02154541015625,1002.1716918945312,1693583796.4263475,-2.715196371078491,lgp-long,mu+lambda-ga,reward-unhealthy_termination,ant,105,38900
390,7.020053386688232,1001.0328979492188,-2.838552713394165,390,1660.9887795448303,105,1001.6991577148438,4.004820346832275,999,331.27362060546875,1001.7689208984375,1001.3375244140625,717.8292236328125,7.005806922912598,996.4822387695312,1001.1783447265625,999,390,807.199462890625,-2.5762813091278076,7.107914924621582,999,569.319580078125,1001.807373046875,1693583800.5346925,-2.8969571590423584,lgp-long,mu+lambda-ga,reward-unhealthy_termination,ant,105,39000
391,7.483693599700928,1001.57958984375,-2.6257307529449463,391,1665.0953500270844,105,1002.0728759765625,3.9947142601013184,999,286.2431335449219,1002.185791015625,1001.7332153320312,719.3630981445312,7.7036333084106445,994.4031982421875,1001.0924072265625,999,391,735.3270263671875,-2.8791444301605225,6.808386325836182,999,496.4555969238281,1002.3521728515625,1693583804.641263,-2.8125290870666504,lgp-long,mu+lambda-ga,reward-unhealthy_termination,ant,105,39100
392,7.182555675506592,1001.4500122070312,-2.8041560649871826,392,1669.2042064666748,105,1001.644287109375,3.983096122741699,999,326.61663818359375,1001.7123413085938,1001.7001342773438,668.5717163085938,7.737136363983154,994.1066284179688,1001.6229858398438,999,392,719.4400634765625,-2.946664571762085,7.517005443572998,999,416.17974853515625,1001.7462768554688,1693583808.7501194,-2.6418633460998535,lgp-long,mu+lambda-ga,reward-unhealthy_termination,ant,105,39200
393,7.097165107727051,1001.5331420898438,-2.5132057666778564,393,1673.3141131401062,105,1001.5861206054688,3.978844404220581,999,320.0438537597656,1001.600830078125,1001.2537231445312,652.2064819335938,7.532436370849609,948.2779541015625,1000.84033203125,999,393,706.4921875,-3.1904289722442627,6.445639133453369,999,451.2824401855469,1001.604736328125,1693583812.8600261,-2.473013401031494,lgp-long,mu+lambda-ga,reward-unhealthy_termination,ant,105,39300
394,7.462319850921631,1001.4669799804688,-2.305206060409546,394,1677.4209945201874,105,1002.0233154296875,3.9833879470825195,999,10023.103515625,1002.0850219726562,1001.7516479492188,-335.14422607421875,7.791576385498047,981.454833984375,1001.4203491210938,999,394,707.6380615234375,-2.9505367279052734,6.818278789520264,999,460.6591491699219,1002.1852416992188,1693583816.9669075,-2.9052562713623047,lgp-long,mu+lambda-ga,reward-unhealthy_termination,ant,105,39400
395,7.301783084869385,1001.3212890625,-2.8313701152801514,395,1681.5297005176544,105,1002.0144653320312,3.9791512489318848,999,349.41107177734375,1002.0496215820312,1001.39208984375,723.950927734375,7.293835639953613,998.3336791992188,1002.06298828125,999,395,858.3651123046875,-2.81011700630188,7.98422384262085,999,594.186279296875,1002.0667114257812,1693583821.0756135,-2.890345335006714,lgp-long,mu+lambda-ga,reward-unhealthy_termination,ant,105,39500
396,7.754539489746094,1001.3997192382812,-2.6672065258026123,396,1685.6371681690216,105,1001.6151733398438,3.9786384105682373,999,316.315673828125,1001.6603393554688,1001.2835083007812,705.4783325195312,7.1202592849731445,992.1065673828125,1001.3790893554688,999,396,733.8156127929688,-2.7462518215179443,7.137729644775391,999,617.2852783203125,1001.7931518554688,1693583825.1830812,-3.2646234035491943,lgp-long,mu+lambda-ga,reward-unhealthy_termination,ant,105,39600
397,7.872652530670166,1001.6129760742188,-2.864426851272583,397,1689.745733499527,105,1002.0032348632812,3.980051040649414,999,340.068115234375,1002.0469360351562,1001.8283081054688,670.47412109375,7.803433895111084,992.205810546875,1001.8619995117188,999,397,726.89013671875,-2.8859076499938965,7.815248966217041,999,480.4789123535156,1002.232177734375,1693583829.2916465,-3.1690235137939453,lgp-long,mu+lambda-ga,reward-unhealthy_termination,ant,105,39700
398,7.020101070404053,1001.4835815429688,-3.392601728439331,398,1693.855788230896,105,1001.8585815429688,3.984088182449341,999,318.6355895996094,1001.8602294921875,1001.7314453125,613.0020751953125,7.476155757904053,935.1268920898438,1001.7316284179688,999,398,640.5316162109375,-2.655133008956909,8.210516929626465,999,377.4385070800781,1002.2013549804688,1693583833.4017012,-2.4458911418914795,lgp-long,mu+lambda-ga,reward-unhealthy_termination,ant,105,39800
399,6.654824256896973,1000.9982299804688,-2.636796474456787,399,1697.968783378601,105,1001.795654296875,3.98254656791687,999,10015.220703125,1001.8876953125,1000.93310546875,-412.83062744140625,6.967903137207031,884.826416015625,1001.10791015625,999,399,673.0447998046875,-2.944932460784912,6.835653781890869,999,415.59197998046875,1002.3788452148438,1693583837.5146964,-2.563994884490967,lgp-long,mu+lambda-ga,reward-unhealthy_termination,ant,105,39900
400,7.018809795379639,1000.0245971679688,-2.7716667652130127,400,1702.0790321826935,105,1001.6046142578125,3.980511426925659,999,325.12677001953125,1001.6260986328125,1001.0045166015625,659.5859985351562,6.896938323974609,994.65087890625,1001.9725952148438,999,400,704.267822265625,-2.803600788116455,7.8324713706970215,999,417.42193603515625,1001.9771728515625,1693583841.6249452,-3.907372236251831,lgp-long,mu+lambda-ga,reward-unhealthy_termination,ant,105,40000
401,6.929313659667969,1001.5869140625,-2.760162115097046,401,1706.1937339305878,105,1001.4957275390625,3.979696750640869,999,332.5809326171875,1002.0325927734375,1000.6715087890625,628.5155029296875,6.6579132080078125,985.213623046875,1001.3856811523438,999,401,701.4611206054688,-2.896535634994507,7.237771034240723,999,404.87725830078125,1002.142822265625,1693583845.739647,-2.2497177124023438,lgp-long,mu+lambda-ga,reward-unhealthy_termination,ant,105,40100
402,7.137233257293701,1000.9392700195312,-2.7869224548339844,402,1710.3019723892212,105,1001.5551147460938,4.0029377937316895,999,329.34527587890625,1001.56591796875,1001.4495239257812,655.4028930664062,7.297043800354004,970.7020263671875,1001.2882080078125,999,402,706.38720703125,-2.756755828857422,7.1653337478637695,999,466.319580078125,1002.2232055664062,1693583849.8478854,-3.1094372272491455,lgp-long,mu+lambda-ga,reward-unhealthy_termination,ant,105,40200
403,7.418641567230225,1001.7068481445312,-2.8662822246551514,403,1714.4094088077545,105,1001.6650390625,3.9835455417633057,999,342.3858642578125,1001.9988403320312,1001.3873291015625,672.12109375,7.0950517654418945,986.0645141601562,1001.8365478515625,999,403,719.2757568359375,-2.6156535148620605,7.792433261871338,999,467.2555236816406,1002.1011352539062,1693583853.9553218,-2.6212143898010254,lgp-long,mu+lambda-ga,reward-unhealthy_termination,ant,105,40300
404,7.012335300445557,1001.5800170898438,-2.448462724685669,404,1718.5163526535034,105,1001.637451171875,3.980881690979004,999,308.1102600097656,1001.6796875,1000.3876342773438,653.8197021484375,6.239502429962158,973.9485473632812,1001.5516967773438,999,404,700.3093872070312,-2.762173891067505,7.0934648513793945,999,468.695068359375,1001.7116088867188,1693583858.0622656,-2.3404746055603027,lgp-long,mu+lambda-ga,reward-unhealthy_termination,ant,105,40400
405,6.351372241973877,1000.6980590820312,-2.833892822265625,405,1722.624413728714,105,1001.5071411132812,3.9738035202026367,999,312.8216247558594,1001.6714477539062,1000.8154296875,689.3401489257812,6.300544261932373,985.7069702148438,1001.3362426757812,999,405,708.1905517578125,-2.393470287322998,7.261294841766357,999,483.9310607910156,1001.748291015625,1693583862.1703267,-2.5624940395355225,lgp-long,mu+lambda-ga,reward-unhealthy_termination,ant,105,40500
406,7.122671604156494,1001.2933959960938,-2.8453614711761475,406,1726.7361285686493,105,1001.4131469726562,3.970798969268799,999,332.0246887207031,1001.7919311523438,1000.9708862304688,641.0267333984375,7.154376983642578,974.1060180664062,1000.7619018554688,999,406,706.9185791015625,-3.091550350189209,6.697821140289307,999,411.0960388183594,1001.815673828125,1693583866.2820415,-2.74033260345459,lgp-long,mu+lambda-ga,reward-unhealthy_termination,ant,105,40600
407,6.6222825050354,1000.95458984375,-2.5696957111358643,407,1730.8452363014221,105,1001.923095703125,3.978888988494873,999,346.0760803222656,1002.046142578125,999.9725952148438,638.3641357421875,7.75485372543335,981.7259521484375,1001.8259887695312,999,407,706.3824462890625,-4.698344707489014,7.4865336418151855,999,446.4959716796875,1002.2522583007812,1693583870.3911493,-2.576289415359497,lgp-long,mu+lambda-ga,reward-unhealthy_termination,ant,105,40700
408,6.561129093170166,1000.9075317382812,-3.1442360877990723,408,1734.950557231903,105,1001.7334594726562,3.9778714179992676,999,337.45416259765625,1001.7648315429688,1001.4392700195312,659.5668334960938,7.267997741699219,996.5386352539062,1001.0082397460938,999,408,707.7623291015625,-2.737103223800659,7.2433600425720215,999,453.20220947265625,1001.8142700195312,1693583874.4964702,-2.5639119148254395,lgp-long,mu+lambda-ga,reward-unhealthy_termination,ant,105,40800
409,6.823348522186279,1001.1905517578125,-2.6698594093322754,409,1739.0594744682312,105,1001.6671142578125,3.9764316082000732,999,297.3133850097656,1001.8169555664062,1001.2327270507812,726.2388916015625,6.781779766082764,994.84130859375,1001.1788940429688,999,409,741.189453125,-2.457531690597534,6.936739444732666,999,600.2152709960938,1001.8553466796875,1693583878.6053874,-2.541337013244629,lgp-long,mu+lambda-ga,reward-unhealthy_termination,ant,105,40900
410,7.1987175941467285,1001.3211059570312,-3.006629705429077,410,1743.1698043346405,105,1001.802978515625,3.983269214630127,999,370.09417724609375,1001.8258666992188,1001.7218017578125,625.72998046875,7.291645050048828,962.32568359375,1001.99267578125,999,410,704.384033203125,-2.4781415462493896,8.091008186340332,999,412.8717346191406,1001.937255859375,1693583882.7157173,-2.7848916053771973,lgp-long,mu+lambda-ga,reward-unhealthy_termination,ant,105,41000
411,6.724000453948975,1000.75244140625,-2.2925336360931396,411,1747.2789380550385,105,1002.0700073242188,3.9803779125213623,999,291.5738220214844,1002.138671875,1001.4796142578125,753.7969970703125,7.3319854736328125,997.93115234375,1001.8012084960938,999,411,856.5160522460938,-2.7614529132843018,7.184789180755615,999,658.5794067382812,1002.1539306640625,1693583886.824851,-2.8804829120635986,lgp-long,mu+lambda-ga,reward-unhealthy_termination,ant,105,41100
412,7.383117198944092,1001.8300170898438,-2.707045316696167,412,1751.3883392810822,105,1001.957763671875,3.978577136993408,999,325.38934326171875,1001.9774169921875,1001.2708129882812,678.18310546875,6.971704959869385,991.6467895507812,1002.2584228515625,999,412,700.884521484375,-2.608686685562134,8.057879447937012,999,492.9959716796875,1002.3330078125,1693583890.9342523,-2.462007522583008,lgp-long,mu+lambda-ga,reward-unhealthy_termination,ant,105,41200
413,6.871875286102295,1001.0880737304688,-2.726213216781616,413,1755.4983434677124,105,1001.8256225585938,3.9765279293060303,999,10020.767578125,1001.8590087890625,1001.8194580078125,-354.2524108886719,7.761765480041504,983.4814453125,1001.8932495117188,999,413,706.1881103515625,-2.8525257110595703,7.707451820373535,999,454.196044921875,1001.9321899414062,1693583895.0442564,-2.6941652297973633,lgp-long,mu+lambda-ga,reward-unhealthy_termination,ant,105,41300
414,7.202488899230957,1001.3895874023438,-2.7435333728790283,414,1759.6082377433777,105,1001.9874267578125,3.981783151626587,999,366.5779113769531,1002.0675048828125,1001.9076538085938,652.920654296875,7.973484992980957,994.2808837890625,1002.0907592773438,999,414,714.006591796875,-2.9756393432617188,7.92421293258667,999,400.66290283203125,1002.1719360351562,1693583899.1541507,-2.7211434841156006,lgp-long,mu+lambda-ga,reward-unhealthy_termination,ant,105,41400
415,7.7507829666137695,1001.7221069335938,-2.7255399227142334,415,1763.7178490161896,105,1001.7935180664062,3.9789016246795654,999,371.1636047363281,1002.1096801757812,1001.7781372070312,569.509521484375,7.729994297027588,949.96240234375,1001.5222778320312,999,415,640.5643310546875,-2.8638205528259277,7.339488506317139,999,309.45562744140625,1002.2267456054688,1693583903.263762,-2.9374454021453857,lgp-long,mu+lambda-ga,reward-unhealthy_termination,ant,105,41500
416,7.021933078765869,1001.2390747070312,-2.6801860332489014,416,1767.827407836914,105,1001.8687744140625,3.979670763015747,999,363.64520263671875,1002.0169067382812,1001.3786010742188,651.5239868164062,7.444352626800537,984.4345703125,1001.4752807617188,999,416,708.8491821289062,-2.9766197204589844,7.247756481170654,999,444.79803466796875,1002.0635375976562,1693583907.3733208,-2.692755937576294,lgp-long,mu+lambda-ga,reward-unhealthy_termination,ant,105,41600
417,8.223008155822754,1002.0323486328125,-2.7794618606567383,417,1771.9376096725464,105,1001.9610595703125,3.978999376296997,999,263.7247314453125,1002.0003662109375,1001.4337768554688,682.53076171875,7.367259502410889,931.548828125,1001.6510009765625,999,417,707.40869140625,-2.841575860977173,7.523123264312744,999,506.17840576171875,1002.256591796875,1693583911.4835227,-3.1015267372131348,lgp-long,mu+lambda-ga,reward-unhealthy_termination,ant,105,41700
418,7.550025939941406,1001.7056884765625,-2.5586764812469482,418,1776.0470089912415,105,1001.7610473632812,3.9773969650268555,999,347.930908203125,1001.8801879882812,1001.4664306640625,597.3375854492188,7.0252604484558105,881.8453369140625,1001.5953369140625,999,418,671.9329833984375,-2.467451333999634,7.245320796966553,999,416.3244323730469,1002.0543823242188,1693583915.592922,-2.7545342445373535,lgp-long,mu+lambda-ga,reward-unhealthy_termination,ant,105,41800
419,8.280941009521484,1002.0099487304688,-2.5375335216522217,419,1780.154331445694,105,1002.042236328125,3.9742987155914307,999,344.81781005859375,1002.2877197265625,1001.3998413085938,645.687744140625,7.149570465087891,992.2882080078125,1002.0003051757812,999,419,702.2987060546875,-2.657447576522827,7.629310607910156,999,453.11102294921875,1002.3636474609375,1693583919.7002444,-3.183382034301758,lgp-long,mu+lambda-ga,reward-unhealthy_termination,ant,105,41900
420,7.046334266662598,1001.0706176757812,-2.854703187942505,420,1784.2644410133362,105,1001.5328979492188,3.9764404296875,999,391.163818359375,1001.5819702148438,1000.5670776367188,584.3054809570312,6.108124256134033,971.573974609375,1002.1256713867188,999,420,704.4717407226562,-2.4517922401428223,8.069991111755371,999,353.4148254394531,1002.10302734375,1693583923.810354,-2.8854622840881348,lgp-long,mu+lambda-ga,reward-unhealthy_termination,ant,105,42000
421,7.616532325744629,1001.76806640625,-2.770308017730713,421,1788.3723890781403,105,1001.8478393554688,3.9762654304504395,999,351.10235595703125,1001.870849609375,1000.5033569335938,667.607666015625,6.164342403411865,991.2408447265625,1001.8013916015625,999,421,706.64990234375,-2.568866014480591,7.662486553192139,999,430.763427734375,1002.0552978515625,1693583927.918302,-2.7585930824279785,lgp-long,mu+lambda-ga,reward-unhealthy_termination,ant,105,42100
422,6.916150093078613,1001.0343017578125,-2.6482226848602295,422,1792.4842054843903,105,1001.8660278320312,3.972780704498291,999,270.6720275878906,1001.9212036132812,1002.0348510742188,692.0703125,8.068846702575684,941.6514282226562,1000.4923706054688,999,422,722.4590454101562,-2.9438440799713135,6.2302045822143555,999,530.2603149414062,1002.1537475585938,1693583932.0301185,-2.7914390563964844,lgp-long,mu+lambda-ga,reward-unhealthy_termination,ant,105,42200
423,7.905853271484375,1002.0534057617188,-3.2958943843841553,423,1796.5932610034943,105,1001.7528076171875,3.9798710346221924,999,330.4605407714844,1001.8583984375,1001.4046020507812,591.6804809570312,7.369561672210693,871.6965942382812,1001.5938720703125,999,423,655.06005859375,-2.874241352081299,7.978857517242432,999,417.00067138671875,1001.9990234375,1693583936.139174,-2.7635810375213623,lgp-long,mu+lambda-ga,reward-unhealthy_termination,ant,105,42300
424,7.466136455535889,1001.490234375,-3.0141701698303223,424,1800.7027900218964,105,1002.0015258789062,3.97365140914917,999,344.5169677734375,1002.0164184570312,1001.6265869140625,653.3902587890625,7.663693428039551,992.69970703125,1002.2776489257812,999,424,704.6170654296875,-2.947415590286255,8.380602836608887,999,469.2586669921875,1002.20361328125,1693583940.248703,-2.8859639167785645,lgp-long,mu+lambda-ga,reward-unhealthy_termination,ant,105,42400
425,7.415555000305176,1001.6552734375,-2.766083002090454,425,1804.8124127388,105,1001.625732421875,3.973485231399536,999,353.91229248046875,1001.802734375,1001.3732299804688,655.1744995117188,7.257080078125,992.6409912109375,1001.6148681640625,999,425,706.0787963867188,-2.793119430541992,7.4715142250061035,999,428.9761657714844,1001.8558349609375,1693583944.3583257,-2.6701550483703613,lgp-long,mu+lambda-ga,reward-unhealthy_termination,ant,105,42500
426,6.825450897216797,1001.1677856445312,-2.6839489936828613,426,1808.9210550785065,105,1001.7777099609375,3.975186824798584,999,318.8082275390625,1001.8331298828125,1001.57568359375,603.3677368164062,7.750705242156982,809.6959228515625,1000.8497924804688,999,426,692.1123046875,-3.086043357849121,6.625102519989014,999,423.37310791015625,1001.853515625,1693583948.466968,-2.566448450088501,lgp-long,mu+lambda-ga,reward-unhealthy_termination,ant,105,42600
427,8.55490493774414,1002.0447387695312,-2.7814345359802246,427,1813.0327453613281,105,1001.958984375,3.9783637523651123,999,329.575439453125,1002.1289672851562,1001.9799194335938,625.1927490234375,7.764897346496582,986.0725708007812,1002.0753173828125,999,427,682.9158935546875,-2.693110704421997,7.946252346038818,999,417.23175048828125,1002.1669311523438,1693583952.5786583,-3.422807455062866,lgp-long,mu+lambda-ga,reward-unhealthy_termination,ant,105,42700
428,7.499320983886719,1001.4894409179688,-2.433631658554077,428,1817.1425483226776,105,1001.7880859375,3.978529453277588,999,365.2501220703125,1001.80126953125,1001.1593627929688,568.7017822265625,7.269562721252441,957.9937744140625,1002.0128784179688,999,428,589.4019165039062,-3.0210602283477783,7.536482334136963,999,298.57086181640625,1002.0781860351562,1693583956.6884613,-2.920229434967041,lgp-long,mu+lambda-ga,reward-unhealthy_termination,ant,105,42800
429,6.949289798736572,1001.0266723632812,-2.703028440475464,429,1821.2522947788239,105,1001.6817626953125,3.9761621952056885,999,376.82476806640625,1001.89208984375,1001.6205444335938,588.7860717773438,7.649184703826904,907.920166015625,1001.8785400390625,999,429,703.5775146484375,-2.9391815662384033,7.670172214508057,999,342.8500671386719,1002.018798828125,1693583960.7982078,-2.832007884979248,lgp-long,mu+lambda-ga,reward-unhealthy_termination,ant,105,42900
430,6.9342360496521,1001.0758666992188,-2.9163341522216797,430,1825.3630602359772,105,1001.6104736328125,3.979926109313965,999,347.56689453125,1001.8314819335938,1001.3764038085938,644.3872680664062,7.309216499328613,961.6553955078125,1001.4894409179688,999,430,707.3812255859375,-2.8423373699188232,7.495790004730225,999,415.36065673828125,1001.9391479492188,1693583964.9089732,-2.768040418624878,lgp-long,mu+lambda-ga,reward-unhealthy_termination,ant,105,43000
431,7.094295024871826,1001.2904663085938,-2.5288169384002686,431,1829.4716391563416,105,1001.363525390625,3.9766244888305664,999,319.9418029785156,1001.4557495117188,1001.18408203125,660.0955810546875,6.809791088104248,983.242919921875,1001.2091064453125,999,431,707.4012451171875,-2.533463478088379,6.828011512756348,999,432.8729248046875,1001.4841918945312,1693583969.0175521,-2.7124130725860596,lgp-long,mu+lambda-ga,reward-unhealthy_termination,ant,105,43100
432,7.200172424316406,1001.4606323242188,-2.4372239112854004,432,1833.582942724228,105,1001.7276611328125,3.976060390472412,999,10017.8037109375,1001.8640747070312,1000.9826049804688,-387.94134521484375,6.919116973876953,941.8099365234375,1001.3497924804688,999,432,704.9318237304688,-2.846515417098999,6.8785905838012695,999,419.01763916015625,1002.0224609375,1693583973.1288557,-2.6479709148406982,lgp-long,mu+lambda-ga,reward-unhealthy_termination,ant,105,43200
433,7.61548376083374,1002.0027465820312,-2.796444892883301,433,1837.6914582252502,105,1001.8660888671875,3.97568416595459,999,298.99945068359375,1002.0344848632812,1001.6520385742188,692.8093872070312,7.476621150970459,996.021484375,1001.7880249023438,999,433,707.7721557617188,-2.7330214977264404,7.674604892730713,999,548.0804443359375,1002.1738891601562,1693583977.2373712,-2.521926164627075,lgp-long,mu+lambda-ga,reward-unhealthy_termination,ant,105,43300
434,8.187189102172852,1001.9893798828125,-2.436229944229126,434,1841.801438331604,105,1001.9346923828125,3.975649356842041,999,296.3435363769531,1002.0582885742188,1001.4982299804688,678.357177734375,7.517519474029541,978.47900390625,1001.0067749023438,999,434,705.2933959960938,-2.9294629096984863,6.534204959869385,999,528.5235595703125,1002.137451171875,1693583981.3473513,-3.107743501663208,lgp-long,mu+lambda-ga,reward-unhealthy_termination,ant,105,43400
435,7.809951305389404,1001.7348022460938,-3.075359344482422,435,1845.910509109497,105,1001.7789306640625,3.9797332286834717,999,333.07916259765625,1002.2158203125,1001.3031616210938,587.76513671875,7.311293125152588,881.9949951171875,1002.2131958007812,999,435,650.9188232421875,-2.9187772274017334,8.376891136169434,999,370.61676025390625,1002.4051513671875,1693583985.456422,-2.9869563579559326,lgp-long,mu+lambda-ga,reward-unhealthy_termination,ant,105,43500
436,8.188880920410156,1002.2512817382812,-2.6838722229003906,436,1850.020889043808,105,1001.8605346679688,3.979768753051758,999,364.6396484375,1002.0858764648438,1000.7575073242188,591.046142578125,6.596417427062988,945.91259765625,1001.5828247070312,999,436,642.8218994140625,-2.748084545135498,7.357113838195801,999,392.5595703125,1002.12841796875,1693583989.566802,-2.847174882888794,lgp-long,mu+lambda-ga,reward-unhealthy_termination,ant,105,43600
437,7.573268890380859,1001.5917358398438,-2.8902747631073,437,1854.1288537979126,105,1002.1770629882812,3.9785518646240234,999,395.57940673828125,1002.1934204101562,1001.2592163085938,617.4996948242188,7.114204406738281,979.208740234375,1001.2516479492188,999,437,724.001953125,-2.7638344764709473,7.23391580581665,999,421.4836730957031,1002.3019409179688,1693583993.6747668,-2.8902766704559326,lgp-long,mu+lambda-ga,reward-unhealthy_termination,ant,105,43700
438,7.696357727050781,1001.78125,-2.469594717025757,438,1858.2387692928314,105,1001.9645385742188,3.9813575744628906,999,313.7928161621094,1001.9867553710938,1001.6663208007812,648.18212890625,7.554873943328857,986.6819458007812,1001.6649780273438,999,438,684.9632568359375,-2.798107147216797,7.225259304046631,999,441.9916687011719,1002.179443359375,1693583997.7846823,-2.8269011974334717,lgp-long,mu+lambda-ga,reward-unhealthy_termination,ant,105,43800
439,7.404510498046875,1001.4293212890625,-3.0021986961364746,439,1862.3493180274963,105,1001.4301147460938,3.979670524597168,999,10015.015625,1001.479248046875,1001.1130981445312,-426.9717102050781,7.0670294761657715,991.8296508789062,1001.5841674804688,999,439,630.110107421875,-2.8633553981781006,7.676789283752441,999,280.01092529296875,1002.2728271484375,1693584001.895231,-2.8821210861206055,lgp-long,mu+lambda-ga,reward-unhealthy_termination,ant,105,43900
440,7.110450267791748,1001.3392944335938,-2.5396347045898438,440,1866.4575822353363,105,1001.8349609375,3.980315685272217,999,317.6301574707031,1001.9976196289062,1001.7869262695312,712.7665405273438,7.684581756591797,995.9677734375,1001.5626220703125,999,440,771.220947265625,-2.80863356590271,7.193679332733154,999,545.48095703125,1002.0377807617188,1693584006.0034952,-2.6814639568328857,lgp-long,mu+lambda-ga,reward-unhealthy_termination,ant,105,44000
441,7.232237339019775,1001.7455444335938,-2.823378086090088,441,1870.567194700241,105,1001.8834228515625,3.9779913425445557,999,374.98388671875,1002.1500244140625,1001.7919921875,647.1522216796875,7.48574161529541,993.4278564453125,1002.2978515625,999,441,709.2332763671875,-2.6018941402435303,8.213703155517578,999,436.6656494140625,1002.2947998046875,1693584010.1131077,-2.395644187927246,lgp-long,mu+lambda-ga,reward-unhealthy_termination,ant,105,44100
442,7.042642116546631,1001.1388549804688,-2.794095277786255,442,1874.6760733127594,105,1001.672119140625,3.9792191982269287,999,346.8066711425781,1002.0475463867188,1001.3280639648438,693.1719970703125,7.555206298828125,983.2169799804688,1001.0732421875,999,442,843.0408325195312,-3.1379475593566895,6.958606243133545,999,520.5797729492188,1002.2258911132812,1693584014.2219863,-2.813220739364624,lgp-long,mu+lambda-ga,reward-unhealthy_termination,ant,105,44200
443,8.37522029876709,1001.6434936523438,-2.955451726913452,443,1878.7858400344849,105,1001.58984375,3.9802167415618896,999,344.70391845703125,1001.9183959960938,1000.9247436523438,671.7525024414062,6.509477138519287,972.5009765625,1002.068359375,999,443,721.8878173828125,-2.4945809841156006,8.114754676818848,999,536.1419677734375,1002.520263671875,1693584018.331753,-3.6491730213165283,lgp-long,mu+lambda-ga,reward-unhealthy_termination,ant,105,44300
444,7.006700038909912,1001.1994018554688,-2.682554006576538,444,1882.894215106964,105,1001.7129516601562,3.97987699508667,999,341.8504333496094,1001.7241821289062,1001.3285522460938,627.1312866210938,6.924962520599365,991.2664794921875,1001.80615234375,999,444,714.1393432617188,-2.5062108039855957,7.577913761138916,999,426.0190124511719,1001.9793090820312,1693584022.440128,-2.714075803756714,lgp-long,mu+lambda-ga,reward-unhealthy_termination,ant,105,44400
445,7.121145725250244,1001.6107788085938,-2.755502700805664,445,1887.0049018859863,105,1001.9607543945312,3.9818384647369385,999,10020.189453125,1001.9755859375,1002.0408325195312,-364.4189758300781,7.530686378479004,991.4249877929688,1001.2433471679688,999,445,704.6880493164062,-2.3998019695281982,7.090700626373291,999,480.5150146484375,1002.0628051757812,1693584026.5508149,-2.420477867126465,lgp-long,mu+lambda-ga,reward-unhealthy_termination,ant,105,44500
446,7.7095627784729,1001.4894409179688,-2.6125948429107666,446,1891.1142015457153,105,1001.7911376953125,3.979430675506592,999,318.593017578125,1002.1122436523438,1001.3390502929688,718.1918334960938,7.345772743225098,994.7269287109375,1001.5393676757812,999,446,770.0924682617188,-2.9179937839508057,7.242048740386963,999,529.8876953125,1002.492919921875,1693584030.6601145,-3.1360108852386475,lgp-long,mu+lambda-ga,reward-unhealthy_termination,ant,105,44600
447,7.98974609375,1002.0494384765625,-2.8672566413879395,447,1895.2218260765076,105,1001.7061157226562,3.978027582168579,999,310.4378967285156,1002.0541381835938,1001.7266845703125,664.5298461914062,7.616218090057373,989.8827514648438,1001.6436767578125,999,447,706.4232177734375,-2.7985808849334717,7.601542949676514,999,431.0693664550781,1002.20166015625,1693584034.767739,-2.850797414779663,lgp-long,mu+lambda-ga,reward-unhealthy_termination,ant,105,44700
448,6.331494331359863,1000.7607421875,-2.9946296215057373,448,1899.3302307128906,105,1001.7067260742188,3.972524881362915,999,332.4930419921875,1002.0487670898438,1001.01953125,657.7213134765625,6.319653511047363,993.3744506835938,1000.8543090820312,999,448,707.45458984375,-2.2077651023864746,6.940189361572266,999,420.86676025390625,1002.2730102539062,1693584038.8761437,-2.48319411277771,lgp-long,mu+lambda-ga,reward-unhealthy_termination,ant,105,44800
449,7.224475383758545,1001.5617065429688,-2.3509180545806885,449,1903.4362094402313,105,1001.3211059570312,3.973527193069458,999,319.56964111328125,1001.3282470703125,1000.71044921875,672.5751342773438,6.705888271331787,986.8403930664062,1001.2987670898438,999,449,709.91259765625,-2.903472661972046,6.741156101226807,999,446.3122863769531,1002.0130004882812,1693584042.9821224,-2.5721967220306396,lgp-long,mu+lambda-ga,reward-unhealthy_termination,ant,105,44900
450,6.744018077850342,1000.8946533203125,-2.453615665435791,450,1907.5453474521637,105,1001.5577392578125,3.971791982650757,999,10018.5927734375,1001.5846557617188,1001.22314453125,-367.56475830078125,7.127514839172363,984.9908447265625,1001.3017578125,999,450,681.2947998046875,-2.813309669494629,6.847236633300781,999,405.5554504394531,1001.7982177734375,1693584047.0912604,-2.759495496749878,lgp-long,mu+lambda-ga,reward-unhealthy_termination,ant,105,45000
451,7.635891914367676,1001.32080078125,-2.6794400215148926,451,1911.6524732112885,105,1001.5203247070312,3.9723904132843018,999,315.53948974609375,1001.9927368164062,1001.2894897460938,686.0474243164062,6.949962615966797,990.621337890625,1001.58935546875,999,451,714.2897338867188,-2.5723588466644287,7.358658790588379,999,495.0565185546875,1002.105712890625,1693584051.1983862,-3.2257325649261475,lgp-long,mu+lambda-ga,reward-unhealthy_termination,ant,105,45100
452,6.884296417236328,1001.2332153320312,-3.2817749977111816,452,1915.7609672546387,105,1001.6339721679688,3.9686973094940186,999,10015.154296875,1001.7763671875,1001.7479858398438,-450.95208740234375,7.579802989959717,984.9320678710938,1001.5492553710938,999,452,693.577392578125,-2.740630865097046,7.922534465789795,999,238.6280059814453,1001.9036254882812,1693584055.3068802,-2.55837082862854,lgp-long,mu+lambda-ga,reward-unhealthy_termination,ant,105,45200
453,6.943350315093994,1001.31298828125,-2.9949839115142822,453,1919.8685340881348,105,1001.891357421875,3.9731996059417725,999,426.22735595703125,1002.0115356445312,1001.8562622070312,506.40875244140625,7.689151287078857,989.5237426757812,1002.1163330078125,999,453,517.0310668945312,-2.744141101837158,8.200836181640625,999,82.90022277832031,1002.332763671875,1693584059.414447,-2.5395660400390625,lgp-long,mu+lambda-ga,reward-unhealthy_termination,ant,105,45300
454,7.5555338859558105,1001.3660278320312,-2.9717350006103516,454,1923.9765088558197,105,1001.60302734375,3.9719080924987793,999,407.2810974121094,1002.0379638671875,1001.2745361328125,536.6444702148438,7.995298862457275,980.6018676757812,1001.66845703125,999,454,596.611328125,-3.6348493099212646,7.726348400115967,999,195.3399658203125,1002.5220336914062,1693584063.5224218,-3.0968148708343506,lgp-long,mu+lambda-ga,reward-unhealthy_termination,ant,105,45400
455,7.727294921875,1001.8605346679688,-3.0353739261627197,455,1928.0835719108582,105,1001.9716186523438,3.971653461456299,999,413.1848449707031,1002.029541015625,1001.8859252929688,547.3286743164062,8.221012115478516,963.020751953125,1001.93994140625,999,455,615.3246459960938,-3.24475359916687,8.062195777893066,999,270.42987060546875,1002.123291015625,1693584067.629485,-2.7761542797088623,lgp-long,mu+lambda-ga,reward-unhealthy_termination,ant,105,45500
456,8.219722747802734,1001.9420776367188,-2.6184842586517334,456,1932.1941697597504,105,1001.6907348632812,3.983689785003662,999,329.1314392089844,1001.7002563476562,1001.8388061523438,657.8839111328125,8.296123504638672,994.03125,1001.7014770507812,999,456,712.28076171875,-3.369493246078491,7.410087585449219,999,504.32513427734375,1002.1319580078125,1693584071.7400827,-3.1887404918670654,lgp-long,mu+lambda-ga,reward-unhealthy_termination,ant,105,45600
457,7.656559944152832,1000.8070678710938,-2.8919594287872314,457,1936.3025500774384,105,1001.8499145507812,4.014098167419434,999,348.7713928222656,1001.8572387695312,1001.6715087890625,678.1419677734375,7.955586910247803,993.0341186523438,1001.4511108398438,999,457,755.1754760742188,-3.195164203643799,7.428855895996094,999,469.75738525390625,1002.0390625,1693584075.848463,-3.7610549926757812,lgp-long,mu+lambda-ga,reward-unhealthy_termination,ant,105,45700
458,7.148534297943115,1001.19482421875,-2.7108922004699707,458,1940.411264181137,105,1001.689697265625,4.013685703277588,999,283.43377685546875,1001.7269897460938,1001.9133911132812,672.8893432617188,8.38338851928711,938.9639892578125,1000.7320556640625,999,458,695.4581298828125,-3.3831946849823,6.533061981201172,999,482.71795654296875,1002.0010986328125,1693584079.9571772,-2.8644027709960938,lgp-long,mu+lambda-ga,reward-unhealthy_termination,ant,105,45800
459,7.300631999969482,1001.6316528320312,-2.8550772666931152,459,1944.5243990421295,105,1002.0438232421875,3.983945846557617,999,10018.4013671875,1002.098876953125,1001.1022338867188,-374.6941833496094,7.511908054351807,964.785400390625,1002.1399536132812,999,459,684.5775146484375,-3.3222501277923584,8.08289623260498,999,420.939208984375,1002.1945190429688,1693584084.070312,-2.5799834728240967,lgp-long,mu+lambda-ga,reward-unhealthy_termination,ant,105,45900
460,7.962128639221191,1001.8404541015625,-2.440034866333008,460,1948.629938840866,105,1001.8322143554688,3.9738991260528564,999,532.369873046875,1002.0232543945312,1001.8197631835938,372.59613037109375,7.71514892578125,873.0364990234375,1001.2727661132812,999,460,488.41497802734375,-2.8108420372009277,6.80441427230835,999,25.570171356201172,1002.0526733398438,1693584088.1758518,-3.0349631309509277,lgp-long,mu+lambda-ga,reward-unhealthy_termination,ant,105,46000
461,7.763874053955078,1001.71240234375,-3.7929980754852295,461,1952.736142873764,105,1001.8270874023438,3.972088098526001,999,336.53216552734375,1001.9364013671875,1001.4574584960938,685.2603759765625,7.124046325683594,990.3619995117188,1002.1145629882812,999,461,760.04296875,-2.5769548416137695,8.995810508728027,999,496.94921875,1002.2030029296875,1693584092.2820559,-2.9661450386047363,lgp-long,mu+lambda-ga,reward-unhealthy_termination,ant,105,46100
462,6.8711371421813965,1001.2281494140625,-2.587524890899658,462,1956.841682434082,105,1001.86669921875,3.9747180938720703,999,10016.17578125,1001.988037109375,1002.0093994140625,-410.23486328125,7.831660747528076,936.5537109375,1001.78515625,999,462,690.1983642578125,-2.7358710765838623,7.462395668029785,999,419.24127197265625,1002.0741577148438,1693584096.3875954,-2.5515313148498535,lgp-long,mu+lambda-ga,reward-unhealthy_termination,ant,105,46200
463,8.043686866760254,1001.8310546875,-2.773355007171631,463,1960.9474635124207,105,1001.85009765625,3.9734058380126953,999,398.3023376464844,1001.8826293945312,1001.3990478515625,518.1947631835938,7.105381011962891,822.0567626953125,1001.8912353515625,999,463,579.831787109375,-2.6160144805908203,7.751485347747803,999,282.0815124511719,1002.156494140625,1693584100.4933765,-3.127562999725342,lgp-long,mu+lambda-ga,reward-unhealthy_termination,ant,105,46300
464,7.424594402313232,1001.2355346679688,-2.6812357902526855,464,1965.053115606308,105,1001.8262939453125,3.976060390472412,999,409.7918701171875,1001.8768920898438,1001.9601440429688,599.9832763671875,8.134918212890625,992.3572998046875,1002.2875366210938,999,464,708.049072265625,-3.0873985290527344,8.058952331542969,999,373.1111145019531,1002.0369262695312,1693584104.5990286,-3.0992934703826904,lgp-long,mu+lambda-ga,reward-unhealthy_termination,ant,105,46400
465,6.939133644104004,1001.1329345703125,-2.7230584621429443,465,1969.1579689979553,105,1001.8573608398438,3.9756457805633545,999,340.7088623046875,1002.0634765625,1001.50390625,663.5029296875,7.4978179931640625,995.7923583984375,1001.6617431640625,999,465,763.4696044921875,-2.9036672115325928,7.47499418258667,999,420.113525390625,1002.1409301757812,1693584108.703882,-2.717322826385498,lgp-long,mu+lambda-ga,reward-unhealthy_termination,ant,105,46500
466,7.709849834442139,1001.6735229492188,-2.7057342529296875,466,1973.263496875763,105,1001.7417602539062,3.972419500350952,999,17156.482421875,1001.8778686523438,1001.4142456054688,-2472.26513671875,7.351953983306885,950.0595703125,1002.13525390625,999,466,546.850830078125,-2.8505163192749023,7.929215431213379,999,225.5484161376953,1002.4287109375,1693584112.8094099,-2.948377847671509,lgp-long,mu+lambda-ga,reward-unhealthy_termination,ant,105,46600
467,8.197042465209961,1001.7818603515625,-2.4494190216064453,467,1977.368543624878,105,1001.72412109375,3.973301649093628,999,291.0933837890625,1001.9461059570312,1001.4788208007812,560.5775756835938,7.172766208648682,772.7064819335938,1001.8469848632812,999,467,498.29754638671875,-2.6042258739471436,7.3878679275512695,999,370.80084228515625,1002.0840454101562,1693584116.9144566,-3.326478958129883,lgp-long,mu+lambda-ga,reward-unhealthy_termination,ant,105,46700
468,8.022522926330566,1002.0435791015625,-2.6685893535614014,468,1981.4672429561615,105,1002.1205444335938,3.973210573196411,999,354.4926452636719,1002.1795654296875,1001.9625244140625,602.7887573242188,8.067177772521973,945.2649536132812,1002.2620239257812,999,468,685.3043212890625,-3.0202577114105225,8.018714904785156,999,377.7467041015625,1002.2125854492188,1693584121.013156,-2.8916869163513184,lgp-long,mu+lambda-ga,reward-unhealthy_termination,ant,105,46800
469,7.668107032775879,1001.8767700195312,-2.427814245223999,469,1985.5764367580414,105,1001.6124267578125,3.9750120639801025,999,327.5172119140625,1002.0789794921875,1000.3952026367188,588.0258178710938,6.346364498138428,869.8016357421875,1001.46044921875,999,469,684.7965087890625,-2.859922409057617,6.978543281555176,999,396.6420593261719,1002.120849609375,1693584125.1223497,-2.701356887817383,lgp-long,mu+lambda-ga,reward-unhealthy_termination,ant,105,46900
470,6.849511623382568,1001.0603637695312,-3.0856494903564453,470,1989.5858085155487,105,1002.37255859375,3.9683420658111572,999,428.11834716796875,1002.4093017578125,1002.0554809570312,534.8030395507812,7.959281921386719,884.8805541992188,1002.5777587890625,999,470,658.8372192382812,-2.8140571117401123,8.74695110321045,999,274.9035949707031,1002.6820678710938,1693584129.1317215,-2.699598550796509,lgp-long,mu+lambda-ga,reward-unhealthy_termination,ant,105,47000
471,7.53948974609375,1001.2432861328125,-2.6075637340545654,471,1993.6947119235992,105,1001.9873657226562,3.9698843955993652,999,10017.333984375,1002.2032470703125,1001.6295166015625,-434.037841796875,7.519454479217529,931.6073608398438,1001.0797119140625,999,471,706.3829345703125,-2.803374767303467,6.774491786956787,999,298.8270568847656,1002.4486694335938,1693584133.240625,-3.2062699794769287,lgp-long,mu+lambda-ga,reward-unhealthy_termination,ant,105,47100
472,7.240715980529785,1001.4647827148438,-2.9119789600372314,472,1997.8020401000977,105,1001.7874145507812,3.9688053131103516,999,492.77508544921875,1001.8966674804688,1001.29541015625,392.5144348144531,7.429515838623047,839.3262329101562,1001.95068359375,999,472,412.3052978515625,-3.0475566387176514,7.95443868637085,999,70.97821807861328,1002.0052490234375,1693584137.347953,-2.6830406188964844,lgp-long,mu+lambda-ga,reward-unhealthy_termination,ant,105,47200
473,7.6348724365234375,1001.66015625,-2.5646393299102783,473,2001.9102125167847,105,1002.1419677734375,3.969919443130493,999,321.3404541015625,1002.1725463867188,1002.1710815429688,740.739990234375,8.26047420501709,997.174560546875,1001.3961791992188,999,473,848.3505859375,-3.0045225620269775,7.051429271697998,999,591.47607421875,1002.2847900390625,1693584141.4561255,-2.8832240104675293,lgp-long,mu+lambda-ga,reward-unhealthy_termination,ant,105,47300
474,7.779468536376953,1001.6273803710938,-2.674997568130493,474,2006.0183215141296,105,1001.740478515625,3.97094464302063,999,393.30694580078125,1001.9103393554688,1001.6653442382812,695.78662109375,7.060269832611084,994.9887084960938,1002.0429077148438,999,474,843.7368774414062,-2.3006045818328857,7.803523540496826,999,506.926025390625,1002.337890625,1693584145.5642345,-3.063732862472534,lgp-long,mu+lambda-ga,reward-unhealthy_termination,ant,105,47400
475,7.703892707824707,1001.4081420898438,-2.7390811443328857,475,2010.1265170574188,105,1001.607666015625,3.9721972942352295,999,287.5202331542969,1001.7821655273438,1001.2515869140625,739.3260498046875,7.96466064453125,996.3846435546875,1001.7792358398438,999,475,780.8787841796875,-3.6273064613342285,7.6063127517700195,999,586.8181762695312,1001.8508911132812,1693584149.67243,-3.20904803276062,lgp-long,mu+lambda-ga,reward-unhealthy_termination,ant,105,47500
476,6.5678558349609375,1000.8810424804688,-2.598893404006958,476,2014.2349030971527,105,1001.775390625,3.97161602973938,999,10022.4736328125,1001.7943115234375,1001.3705444335938,-342.41796875,8.020369529724121,991.2012329101562,1001.8416137695312,999,476,719.2177734375,-3.564554214477539,7.5317254066467285,999,484.91357421875,1002.1177978515625,1693584153.780816,-2.59574294090271,lgp-long,mu+lambda-ga,reward-unhealthy_termination,ant,105,47600
477,7.790635108947754,1002.1055908203125,-2.7993438243865967,477,2018.3412191867828,105,1002.0309448242188,3.9708404541015625,999,458.77740478515625,1002.16650390625,1001.43115234375,389.77764892578125,7.502427101135254,754.8355102539062,1001.8139038085938,999,477,464.3611145019531,-2.981736183166504,7.703272342681885,999,61.55787658691406,1002.4902954101562,1693584157.8871322,-2.5988080501556396,lgp-long,mu+lambda-ga,reward-unhealthy_termination,ant,105,47700
478,7.9356303215026855,1001.8748168945312,-2.855323076248169,478,2022.4473359584808,105,1001.9201049804688,3.9678993225097656,999,446.7147521972656,1002.010009765625,1001.5817260742188,522.0324096679688,7.3164381980896,971.5481567382812,1002.1476440429688,999,478,498.0361328125,-2.647202730178833,8.089472770690918,999,219.1697540283203,1002.2073364257812,1693584161.993249,-2.9742252826690674,lgp-long,mu+lambda-ga,reward-unhealthy_termination,ant,105,47800
479,7.35419225692749,1001.4432983398438,-3.4859535694122314,479,2026.5531740188599,105,1001.81201171875,3.9698972702026367,999,10016.3427734375,1002.1322631835938,1001.4573364257812,-455.4104919433594,7.084489345550537,995.6275634765625,1002.1417846679688,999,479,705.1171875,-2.5392892360687256,8.715062141418457,999,253.572021484375,1002.3609619140625,1693584166.099087,-2.8246800899505615,lgp-long,mu+lambda-ga,reward-unhealthy_termination,ant,105,47900
480,7.7423224449157715,1002.0128784179688,-2.8071787357330322,480,2030.6682090759277,105,1002.0260009765625,3.9704689979553223,999,14093.291015625,1002.1522216796875,1001.8060913085938,-1380.2103271484375,7.7548441886901855,989.9188842773438,1001.93896484375,999,480,707.4117431640625,-2.8631746768951416,7.835036754608154,999,402.48675537109375,1002.2459106445312,1693584170.214122,-2.6436500549316406,lgp-long,mu+lambda-ga,reward-unhealthy_termination,ant,105,48000
481,7.031924724578857,1001.3896484375,-2.7458903789520264,481,2034.774472951889,105,1001.7406616210938,3.963402032852173,999,472.1352233886719,1001.8836059570312,1001.7968139648438,469.9909362792969,7.511767864227295,988.4324340820312,1001.53515625,999,481,494.4159851074219,-2.624115228652954,7.367262363433838,999,246.2412109375,1001.8896484375,1693584174.320386,-2.552327871322632,lgp-long,mu+lambda-ga,reward-unhealthy_termination,ant,105,48100
482,7.8513994216918945,1002.1373291015625,-3.693575382232666,482,2038.879165649414,105,1002.0701293945312,3.9695301055908203,999,425.004638671875,1002.1959838867188,1000.8019409179688,580.5161743164062,6.663137912750244,988.010986328125,1002.3170776367188,999,482,691.578857421875,-2.7703330516815186,9.096480369567871,999,382.7568664550781,1002.3950805664062,1693584178.4250786,-2.627735137939453,lgp-long,mu+lambda-ga,reward-unhealthy_termination,ant,105,48200
483,7.223731517791748,1001.44140625,-2.976322650909424,483,2042.9763669967651,105,1001.85986328125,3.9742674827575684,999,557.1024780273438,1001.8621215820312,1001.6342163085938,396.9653015136719,7.20789098739624,979.810546875,1001.96533203125,999,483,488.24371337890625,-2.4860808849334717,8.030518531799316,999,63.92304611206055,1001.9426879882812,1693584182.52228,-2.6969306468963623,lgp-long,mu+lambda-ga,reward-unhealthy_termination,ant,105,48300
484,9.029983520507812,1002.1539306640625,-2.7509050369262695,484,2047.083485364914,105,1002.1585693359375,3.965111255645752,999,463.638671875,1002.254150390625,1002.3890991210938,529.3911743164062,8.314114570617676,996.1865844726562,1002.3238525390625,999,484,682.5865478515625,-2.838519811630249,8.160365104675293,999,191.66986083984375,1002.383544921875,1693584186.6293983,-3.7896275520324707,lgp-long,mu+lambda-ga,reward-unhealthy_termination,ant,105,48400
485,6.999213695526123,1001.3436889648438,-2.6507956981658936,485,2051.1913368701935,105,1001.8898315429688,3.968817710876465,999,14082.8544921875,1002.1436157226562,1001.61962890625,-1462.67822265625,7.214005947113037,950.06591796875,1002.1412353515625,999,485,605.068603515625,-2.5041801929473877,7.879726409912109,999,215.42886352539062,1002.3917846679688,1693584190.7372499,-2.5660698413848877,lgp-long,mu+lambda-ga,reward-unhealthy_termination,ant,105,48500
486,7.895437717437744,1002.0675659179688,-2.977454900741577,486,2055.298714160919,105,1001.887939453125,3.9719085693359375,999,470.28851318359375,1002.0604858398438,1001.1771850585938,328.6463317871094,7.555854797363281,693.230712890625,1001.6546020507812,999,486,321.0527648925781,-3.291738510131836,7.72200345993042,999,-36.919654846191406,1002.2706909179688,1693584194.8446271,-2.7427728176116943,lgp-long,mu+lambda-ga,reward-unhealthy_termination,ant,105,48600
487,7.373791694641113,1001.7911376953125,-3.9680726528167725,487,2059.4057910442352,105,1001.9025268554688,3.9601197242736816,999,9994.82421875,1002.14404296875,1001.0553588867188,-682.8832397460938,7.095256805419922,701.8494873046875,1002.1550903320312,999,487,382.18359375,-2.9514079093933105,9.20862865447998,999,-13.71081829071045,1002.1702270507812,1693584198.951704,-2.4950947761535645,lgp-long,mu+lambda-ga,reward-unhealthy_termination,ant,105,48700
488,6.798872470855713,1001.3871459960938,-2.8067028522491455,488,2063.5142743587494,105,1001.7655029296875,3.9580535888671875,999,424.0391845703125,1001.9111328125,1001.3363647460938,601.5802612304688,8.299225807189941,996.8983764648438,1001.8419799804688,999,488,710.49951171875,-3.878561019897461,7.735591411590576,999,308.82586669921875,1002.0570068359375,1693584203.0601873,-2.3230366706848145,lgp-long,mu+lambda-ga,reward-unhealthy_termination,ant,105,48800
489,8.201109886169434,1001.6222534179688,-2.67344069480896,489,2067.6227259635925,105,1001.9849853515625,3.9908270835876465,999,10012.76171875,1002.1209716796875,1001.7421264648438,-461.91033935546875,8.41273021697998,986.82568359375,1002.1162109375,999,489,625.8900146484375,-3.583038330078125,7.874997615814209,999,206.5591583251953,1002.3372192382812,1693584207.168639,-3.4922492504119873,lgp-long,mu+lambda-ga,reward-unhealthy_termination,ant,105,48900
490,7.417973518371582,1001.7449340820312,-2.9666106700897217,490,2071.728942632675,105,1001.92236328125,3.9841623306274414,999,376.0533142089844,1002.2263793945312,1001.9472045898438,652.296142578125,8.728190422058105,992.7147216796875,1002.5762939453125,999,490,781.9636840820312,-3.693209171295166,8.627910614013672,999,368.2010192871094,1002.588623046875,1693584211.2748556,-2.5829122066497803,lgp-long,mu+lambda-ga,reward-unhealthy_termination,ant,105,49000
491,7.444915771484375,1001.9929809570312,-2.8171074390411377,491,2075.837571144104,105,1001.859375,3.979180335998535,999,362.9434509277344,1002.1843872070312,1002.0465087890625,575.6655883789062,7.8454508781433105,888.641845703125,1002.326171875,999,491,627.1778564453125,-2.711251974105835,8.230531692504883,999,378.42608642578125,1002.240234375,1693584215.3834841,-2.3661811351776123,lgp-long,mu+lambda-ga,reward-unhealthy_termination,ant,105,49100
492,7.869449138641357,1002.0244140625,-3.5933799743652344,492,2079.946306705475,105,1001.9652709960938,3.9799437522888184,999,493.9751281738281,1001.979248046875,1001.9642944335938,451.1466979980469,7.877138614654541,986.5462036132812,1001.8361206054688,999,492,499.11322021484375,-2.8259971141815186,8.511975288391113,999,31.395030975341797,1002.1988525390625,1693584219.4922197,-2.758629083633423,lgp-long,mu+lambda-ga,reward-unhealthy_termination,ant,105,49200
493,8.147982597351074,1002.2623291015625,-2.871563673019409,493,2084.056836128235,105,1002.12939453125,3.9806017875671387,999,411.9266357421875,1002.1392211914062,1002.0726928710938,595.945556640625,8.27447509765625,975.1805419921875,1001.9970703125,999,493,708.3787841796875,-3.1160409450531006,7.958194255828857,999,377.04150390625,1002.2591552734375,1693584223.602749,-2.801206350326538,lgp-long,mu+lambda-ga,reward-unhealthy_termination,ant,105,49300
494,8.247977256774902,1002.2415161132812,-2.55454683303833,494,2088.166699409485,105,1002.2407836914062,4.014286518096924,999,14087.185546875,1002.3267822265625,1002.0398559570312,-1420.7005615234375,8.003552436828613,881.3824462890625,1001.8961181640625,999,494,686.5936889648438,-2.878211259841919,7.536998271942139,999,361.2239685058594,1002.3311767578125,1693584227.7126124,-2.9191110134124756,lgp-long,mu+lambda-ga,reward-unhealthy_termination,ant,105,49400
495,8.092711448669434,1002.22265625,-2.6987626552581787,495,2092.274665594101,105,1002.2396850585938,4.0191569328308105,999,10024.28515625,1002.2575073242188,1001.9083251953125,-310.84967041015625,7.556816101074219,997.5299072265625,1002.31298828125,999,495,709.519775390625,-2.5617740154266357,8.101279258728027,999,509.98016357421875,1002.523681640625,1693584231.8205786,-2.784217596054077,lgp-long,mu+lambda-ga,reward-unhealthy_termination,ant,105,49500
496,7.862786769866943,1002.0159301757812,-3.108058452606201,496,2096.3840415477753,105,1001.8806762695312,4.018733024597168,999,350.8285217285156,1002.0536499023438,1001.7185668945312,665.3652954101562,7.5015482902526855,996.8609008789062,1001.53564453125,999,496,757.8087158203125,-2.6973583698272705,7.72815465927124,999,465.562744140625,1002.09521484375,1693584235.9299545,-2.756725549697876,lgp-long,mu+lambda-ga,reward-unhealthy_termination,ant,105,49600
497,8.591532707214355,1002.6267700195312,-3.1455636024475098,497,2100.4964685440063,105,1002.2450561523438,4.00641393661499,999,388.9364013671875,1002.5809936523438,1001.6791381835938,607.234375,7.742833137512207,933.5089721679688,1002.3043212890625,999,497,719.0399169921875,-2.979017972946167,8.5329008102417,999,409.42987060546875,1002.6016845703125,1693584240.0423815,-2.879645824432373,lgp-long,mu+lambda-ga,reward-unhealthy_termination,ant,105,49700
498,7.406505107879639,1001.8187866210938,-2.996565580368042,498,2104.602661371231,105,1001.9650268554688,4.037145137786865,999,339.13079833984375,1001.973876953125,1001.9053955078125,591.671875,7.392602443695068,907.2303466796875,1002.1649780273438,999,498,632.7999267578125,-2.3994226455688477,8.247748374938965,999,339.5172119140625,1002.0084838867188,1693584244.1485744,-2.500732183456421,lgp-long,mu+lambda-ga,reward-unhealthy_termination,ant,105,49800
499,7.939317226409912,1002.1324462890625,-2.800464153289795,499,2108.7120547294617,105,1002.394287109375,4.0085368156433105,999,10015.5361328125,1002.4530639648438,1002.2713012695312,-403.9314880371094,7.864684581756592,872.3450927734375,1002.1615600585938,999,499,673.8927612304688,-2.5055088996887207,8.047240257263184,999,377.77130126953125,1002.649658203125,1693584248.2579677,-2.7194628715515137,lgp-long,mu+lambda-ga,reward-unhealthy_termination,ant,105,49900
500,8.285411834716797,1002.1058959960938,-2.8039612770080566,500,2112.8160927295685,105,1002.23095703125,3.9747958183288574,999,14093.177734375,1002.4108276367188,1002.0576171875,-1380.7742919921875,8.061112403869629,994.7554931640625,1002.3033447265625,999,500,701.76611328125,-2.9159278869628906,8.193663597106934,999,420.10528564453125,1002.4161376953125,1693584252.3620057,-3.0920121669769287,lgp-long,mu+lambda-ga,reward-unhealthy_termination,ant,105,50000
501,7.925248622894287,1001.9806518554688,-3.1118991374969482,501,2116.922752380371,105,1002.1593017578125,3.9763381481170654,999,309.4638366699219,1002.1792602539062,1002.0870971679688,720.7614135742188,8.113214492797852,996.04052734375,1002.1076049804688,999,501,761.5859375,-2.9355645179748535,8.305365562438965,999,600.4154052734375,1002.5419921875,1693584256.4686654,-2.8593239784240723,lgp-long,mu+lambda-ga,reward-unhealthy_termination,ant,105,50100
502,7.294433116912842,1001.8500366210938,-2.4105844497680664,502,2121.0318746566772,105,1001.7332763671875,3.9702632427215576,999,323.8024597167969,1001.7721557617188,1001.8419799804688,642.3638916015625,7.6726274490356445,887.2887573242188,1001.66162109375,999,502,718.8130493164062,-2.744224786758423,7.158905029296875,999,419.46063232421875,1001.802978515625,1693584260.5777876,-2.358358860015869,lgp-long,mu+lambda-ga,reward-unhealthy_termination,ant,105,50200
503,8.423696517944336,1002.2159423828125,-2.6144447326660156,503,2125.138439178467,105,1002.3646850585938,3.9931423664093018,999,381.7183837890625,1002.5654907226562,1002.27099609375,614.7938232421875,7.975038051605225,880.5843505859375,1002.2244262695312,999,503,711.4937133789062,-2.6176955699920654,7.925042152404785,999,493.43603515625,1002.5772094726562,1693584264.6843522,-3.1228718757629395,lgp-long,mu+lambda-ga,reward-unhealthy_termination,ant,105,50300
504,8.064475059509277,1001.8610229492188,-2.879305362701416,504,2129.2463545799255,105,1002.2651977539062,3.9779775142669678,999,10014.7783203125,1002.2686157226562,1002.2486572265625,-420.42633056640625,8.382468223571777,842.2756958007812,1002.3927001953125,999,504,666.9351806640625,-3.048224449157715,8.35705280303955,999,399.4088134765625,1002.3493041992188,1693584268.7922676,-3.119300603866577,lgp-long,mu+lambda-ga,reward-unhealthy_termination,ant,105,50400
505,7.8647356033325195,1001.9562377929688,-2.7621917724609375,505,2133.356711626053,105,1002.15087890625,3.9847819805145264,999,365.4911804199219,1002.1636962890625,1002.0798950195312,686.6026611328125,8.108322143554688,995.4625244140625,1002.1244506835938,999,505,764.9345703125,-2.941937208175659,7.973130226135254,999,501.26983642578125,1002.25048828125,1693584272.9026246,-2.8222827911376953,lgp-long,mu+lambda-ga,reward-unhealthy_termination,ant,105,50500
506,8.10107707977295,1002.3171997070312,-2.753300666809082,506,2137.4728195667267,105,1002.11962890625,3.9724762439727783,999,338.078369140625,1002.2293701171875,1002.0739135742188,626.0804443359375,8.000880241394043,968.92041015625,1002.419921875,999,506,696.1732177734375,-2.8405778408050537,8.261250495910645,999,417.3072204589844,1002.4498291015625,1693584277.0187325,-2.6978368759155273,lgp-long,mu+lambda-ga,reward-unhealthy_termination,ant,105,50600
507,7.539158821105957,1001.70703125,-2.659489393234253,507,2141.576761007309,105,1002.0148315429688,3.9680495262145996,999,10019.9248046875,1002.2683715820312,1001.3590698242188,-366.27288818359375,7.229284763336182,992.53369140625,1001.7385864257812,999,507,711.17138671875,-2.779829978942871,7.483315467834473,999,379.706298828125,1002.3650512695312,1693584281.122674,-2.7451491355895996,lgp-long,mu+lambda-ga,reward-unhealthy_termination,ant,105,50700
508,8.236985206604004,1002.0203247070312,-2.8049838542938232,508,2145.6837339401245,105,1002.2239990234375,3.968611240386963,999,413.2545166015625,1002.2902221679688,1002.2462768554688,621.5315551757812,7.972655773162842,994.9010009765625,1002.0792236328125,999,508,756.5919189453125,-2.6398565769195557,7.969137668609619,999,410.7984619140625,1002.6266479492188,1693584285.229647,-3.1310460567474365,lgp-long,mu+lambda-ga,reward-unhealthy_termination,ant,105,50800
509,7.746723175048828,1001.8233642578125,-2.5723907947540283,509,2149.7815747261047,105,1001.907470703125,3.9774725437164307,999,424.4215393066406,1002.1521606445312,1001.58642578125,571.4010620117188,7.219637393951416,893.904541015625,1002.1036987304688,999,509,658.083251953125,-2.5468966960906982,7.763435363769531,999,333.0095520019531,1002.1575317382812,1693584289.3274877,-2.837398052215576,lgp-long,mu+lambda-ga,reward-unhealthy_termination,ant,105,50900
510,8.167619705200195,1002.2403564453125,-2.9792003631591797,510,2153.8884823322296,105,1001.9307250976562,3.972384452819824,999,348.9184875488281,1002.3414916992188,1001.7509765625,678.6305541992188,7.392627716064453,995.9039916992188,1002.24462890625,999,510,732.093017578125,-2.552670955657959,8.309528350830078,999,496.9538269042969,1002.5079345703125,1693584293.4343953,-2.8404908180236816,lgp-long,mu+lambda-ga,reward-unhealthy_termination,ant,105,51000
511,7.630953311920166,1002.0350952148438,-2.6782987117767334,511,2157.996814966202,105,1001.8080444335938,3.971794366836548,999,355.9900817871094,1002.0231323242188,1001.6088256835938,690.3585815429688,7.434365749359131,996.6033325195312,1001.7937622070312,999,511,837.3529052734375,-2.738863468170166,7.56030797958374,999,493.7589111328125,1002.2094116210938,1693584297.542728,-2.508147954940796,lgp-long,mu+lambda-ga,reward-unhealthy_termination,ant,105,51100
512,7.958143711090088,1002.060546875,-2.741705894470215,512,2162.1076231002808,105,1002.3032836914062,3.9791741371154785,999,400.86505126953125,1002.3955078125,1002.0105590820312,600.731689453125,7.5320658683776855,990.4373779296875,1002.2288208007812,999,512,708.0230712890625,-2.4359290599823,8.05530071258545,999,405.3819885253906,1002.50634765625,1693584301.653536,-2.8110337257385254,lgp-long,mu+lambda-ga,reward-unhealthy_termination,ant,105,51200
513,7.449714183807373,1001.7669067382812,-2.829679489135742,513,2166.2107322216034,105,1001.757080078125,3.9932782649993896,999,361.8016357421875,1001.9766845703125,1001.9699096679688,660.5531005859375,7.784718990325928,994.9943237304688,1002.4169311523438,999,513,708.6522216796875,-2.7272820472717285,8.333277702331543,999,494.2036437988281,1002.3264770507812,1693584305.7566452,-2.594937562942505,lgp-long,mu+lambda-ga,reward-unhealthy_termination,ant,105,51300
514,7.629887580871582,1001.9267578125,-3.388645648956299,514,2170.318926334381,105,1002.1198120117188,3.974257707595825,999,445.43328857421875,1002.1557006835938,1002.2238159179688,600.0106201171875,7.746560096740723,994.420166015625,1002.3414306640625,999,514,757.4400634765625,-2.435863971710205,8.814752578735352,999,323.3601379394531,1002.5220947265625,1693584309.8648393,-2.6151516437530518,lgp-long,mu+lambda-ga,reward-unhealthy_termination,ant,105,51400
515,7.783538818359375,1001.9337158203125,-2.583167791366577,515,2174.4295761585236,105,1001.951416015625,3.974655866622925,999,329.449462890625,1002.1370239257812,1001.9744262695312,673.0849609375,7.969478130340576,993.7028198242188,1002.3635864257812,999,515,708.1513671875,-2.9082510471343994,8.033596992492676,999,505.8851318359375,1002.1710205078125,1693584313.9754891,-2.762842893600464,lgp-long,mu+lambda-ga,reward-unhealthy_termination,ant,105,51500
516,7.611917018890381,1002.1375122070312,-3.0077061653137207,516,2178.5354080200195,105,1002.1713256835938,3.998389482498169,999,320.5635681152344,1002.3395385742188,1002.2971801757812,690.8321533203125,8.31507396697998,992.471923828125,1002.29052734375,999,516,729.111572265625,-2.9329144954681396,8.383807182312012,999,491.502685546875,1002.380126953125,1693584318.081321,-2.385303258895874,lgp-long,mu+lambda-ga,reward-unhealthy_termination,ant,105,51600
517,8.015990257263184,1001.9354858398438,-2.7044365406036377,517,2182.642918586731,105,1002.1270141601562,3.997333288192749,999,344.25665283203125,1002.2261352539062,1001.8390502929688,581.1222534179688,7.312272071838379,948.0579223632812,1002.2927856445312,999,517,586.4530639648438,-2.3842170238494873,8.083154678344727,999,366.941162109375,1002.4913330078125,1693584322.1888316,-2.9952239990234375,lgp-long,mu+lambda-ga,reward-unhealthy_termination,ant,105,51700
518,7.810727119445801,1001.97900390625,-2.912515640258789,518,2186.7500355243683,105,1002.0558471679688,3.9940507411956787,999,366.79046630859375,1002.1576538085938,1001.5662231445312,588.4498291015625,7.2222161293029785,939.947509765625,1002.1324462890625,999,518,678.4932250976562,-2.5683867931365967,8.131705284118652,999,404.5021667480469,1002.3969116210938,1693584326.2959485,-2.744199514389038,lgp-long,mu+lambda-ga,reward-unhealthy_termination,ant,105,51800
519,8.049838066101074,1002.02392578125,-2.941136598587036,519,2190.857135295868,105,1002.1890869140625,3.979609727859497,999,346.65142822265625,1002.2698364257812,1001.9911499023438,633.1697387695312,7.775105953216553,932.0906982421875,1001.8753051757812,999,519,709.798828125,-2.696568727493286,7.903911590576172,999,399.26373291015625,1002.3641357421875,1693584330.4030483,-2.941528081893921,lgp-long,mu+lambda-ga,reward-unhealthy_termination,ant,105,51900
520,7.684245586395264,1001.7011108398438,-2.7372899055480957,520,2194.9651668071747,105,1001.71337890625,4.001303195953369,999,14084.38671875,1001.9898071289062,1001.681640625,-1440.83154296875,7.678738594055176,843.0731811523438,1002.0150756835938,999,520,649.135009765625,-2.912925958633423,7.83838415145874,999,390.40704345703125,1002.40185546875,1693584334.5110798,-2.8964195251464844,lgp-long,mu+lambda-ga,reward-unhealthy_termination,ant,105,52000
521,7.564795017242432,1001.9182739257812,-3.1839215755462646,521,2199.0766894817352,105,1002.0087280273438,4.003288745880127,999,321.1745910644531,1002.1912841796875,1002.12548828125,714.0996704101562,7.824975490570068,994.2630615234375,1002.1723022460938,999,521,771.9051513671875,-2.6127231121063232,8.442412376403809,999,504.86102294921875,1002.381103515625,1693584338.6226025,-2.5596277713775635,lgp-long,mu+lambda-ga,reward-unhealthy_termination,ant,105,52100
522,8.291049003601074,1002.0576171875,-2.705413818359375,522,2203.186267852783,105,1001.9486083984375,4.0039777755737305,999,314.6656799316406,1002.1300659179688,1001.7133178710938,723.6231079101562,7.4677629470825195,992.6259155273438,1002.1110229492188,999,522,764.5040283203125,-2.6671626567840576,7.903526306152344,999,610.6412963867188,1002.2074584960938,1693584342.7321808,-3.1497647762298584,lgp-long,mu+lambda-ga,reward-unhealthy_termination,ant,105,52200
523,7.875422954559326,1002.0283203125,-2.7987477779388428,523,2207.296114206314,105,1002.0862426757812,4.004193305969238,999,306.900634765625,1002.1332397460938,1002.2697143554688,719.2177734375,8.093500137329102,995.57958984375,1001.9837036132812,999,523,799.4073486328125,-2.7365097999572754,7.867347240447998,999,516.1236572265625,1002.1362915039062,1693584346.8420272,-2.760650634765625,lgp-long,mu+lambda-ga,reward-unhealthy_termination,ant,105,52300
524,8.0224609375,1002.0113525390625,-2.578575372695923,524,2211.4060451984406,105,1002.2172241210938,4.009544372558594,999,318.91998291015625,1002.4271850585938,1001.8648681640625,650.9866943359375,7.6018500328063965,944.9150390625,1002.5264892578125,999,524,709.0545654296875,-2.6517608165740967,8.192404747009277,999,454.3290100097656,1002.6722412109375,1693584350.9519582,-2.924997091293335,lgp-long,mu+lambda-ga,reward-unhealthy_termination,ant,105,52400
525,8.764325141906738,1002.3115234375,-2.891862154006958,525,2215.5160326957703,105,1002.1643676757812,4.0093560218811035,999,365.6401672363281,1002.4094848632812,1001.9633178710938,591.7106323242188,7.73511266708374,880.5917358398438,1002.0064697265625,999,525,706.5093994140625,-2.683987855911255,7.982297420501709,999,386.9296875,1002.4319458007812,1693584355.0619457,-3.3690402507781982,lgp-long,mu+lambda-ga,reward-unhealthy_termination,ant,105,52500
526,7.9753289222717285,1000.6537475585938,-2.798082113265991,526,2219.6238255500793,105,1001.7215576171875,4.009014129638672,999,374.79150390625,1001.8869018554688,1001.5375366210938,627.8484497070312,7.138377666473389,976.2039184570312,1001.8427734375,999,526,706.8192138671875,-2.5095298290252686,7.727382659912109,999,427.4201965332031,1001.912109375,1693584359.1697385,-4.240490913391113,lgp-long,mu+lambda-ga,reward-unhealthy_termination,ant,105,52600
527,8.113049507141113,1002.2130126953125,-2.9955718517303467,527,2223.73352766037,105,1002.26318359375,4.011989116668701,999,336.8296813964844,1002.30615234375,1002.3369140625,652.9848022460938,8.193010330200195,937.8624877929688,1002.3649291992188,999,527,708.06982421875,-2.76835036277771,8.446584701538086,999,521.3764038085938,1002.5630493164062,1693584363.2794406,-2.813070297241211,lgp-long,mu+lambda-ga,reward-unhealthy_termination,ant,105,52700
528,7.726037502288818,1001.6368408203125,-2.8496901988983154,528,2227.840658187866,105,1002.139892578125,4.012990951538086,999,10019.76953125,1002.1517944335938,1001.77490234375,-353.02886962890625,7.3245463371276855,951.4774169921875,1002.1392822265625,999,528,705.7723388671875,-2.4624786376953125,8.073555946350098,999,463.4281311035156,1002.3377685546875,1693584367.3865712,-3.003490686416626,lgp-long,mu+lambda-ga,reward-unhealthy_termination,ant,105,52800
529,8.078631401062012,1002.06396484375,-3.1017165184020996,529,2231.9471740722656,105,1002.53515625,4.0096259117126465,999,334.9299011230469,1002.5582275390625,1002.3030395507812,667.2101440429688,8.217647552490234,992.0770874023438,1002.4822387695312,999,529,713.100830078125,-2.830044984817505,8.669050216674805,999,470.4090270996094,1002.6502685546875,1693584371.493087,-2.927196741104126,lgp-long,mu+lambda-ga,reward-unhealthy_termination,ant,105,52900
530,7.791903018951416,1001.9278564453125,-2.811608076095581,530,2236.0536816120148,105,1001.8781127929688,4.004055976867676,999,329.32843017578125,1002.0608520507812,1001.2948608398438,614.5123291015625,8.14625358581543,905.1123657226562,1002.1300659179688,999,530,682.8087158203125,-3.775129795074463,8.02676010131836,999,407.0072937011719,1002.2719116210938,1693584375.5995946,-2.77730131149292,lgp-long,mu+lambda-ga,reward-unhealthy_termination,ant,105,53000
531,8.030258178710938,1002.2081298828125,-2.9875264167785645,531,2240.162546634674,105,1002.016357421875,4.006982803344727,999,357.2774963378906,1002.1100463867188,1001.6412353515625,570.3694458007812,7.609165191650391,874.3172607421875,1001.5474853515625,999,531,628.4222412109375,-2.880727767944336,7.618012428283691,999,345.1419372558594,1002.2501831054688,1693584379.7084596,-2.736107349395752,lgp-long,mu+lambda-ga,reward-unhealthy_termination,ant,105,53100
532,7.571803569793701,1001.9365234375,-3.2162587642669678,532,2244.274075984955,105,1001.789306640625,3.9874427318573,999,19720.466796875,1002.0603637695312,1001.8060913085938,-3402.901123046875,7.634021282196045,894.5492553710938,1001.9049072265625,999,532,693.3905029296875,-2.7433297634124756,8.206133842468262,999,352.23272705078125,1002.1688842773438,1693584383.819989,-2.5476884841918945,lgp-long,mu+lambda-ga,reward-unhealthy_termination,ant,105,53200
533,7.916018009185791,1002.1209106445312,-3.2710635662078857,533,2248.375619649887,105,1002.2355346679688,4.013247966766357,999,326.05194091796875,1002.3990478515625,1002.0689697265625,647.5247802734375,7.84186315536499,975.5936279296875,1002.1420288085938,999,533,709.5686645507812,-2.681607484817505,8.497515678405762,999,420.8348388671875,1002.4921264648438,1693584387.9215326,-2.7082324028015137,lgp-long,mu+lambda-ga,reward-unhealthy_termination,ant,105,53300
534,8.091967582702637,1002.234375,-2.8187596797943115,534,2252.481664657593,105,1002.2378540039062,3.988780975341797,999,344.203369140625,1002.4641723632812,1001.7533569335938,634.887939453125,7.365451812744141,974.994873046875,1002.3362426757812,999,534,709.1468505859375,-2.5236411094665527,8.23884105682373,999,425.10968017578125,1002.689453125,1693584392.0275776,-2.7723326683044434,lgp-long,mu+lambda-ga,reward-unhealthy_termination,ant,105,53400
535,7.549142360687256,1001.7243041992188,-3.1367452144622803,535,2256.588819026947,105,1002.035400390625,3.983830213546753,999,369.3485107421875,1002.21484375,1001.9563598632812,592.232177734375,7.61465311050415,952.3238525390625,1002.0812377929688,999,535,685.4832763671875,-2.570833206176758,8.303624153137207,999,391.70611572265625,1002.2562255859375,1693584396.134732,-2.738462448120117,lgp-long,mu+lambda-ga,reward-unhealthy_termination,ant,105,53500
536,7.791744232177734,1001.9669189453125,-2.6545188426971436,536,2260.696551799774,105,1002.1862182617188,3.9768128395080566,999,393.42303466796875,1002.2196655273438,1002.1416015625,585.416015625,7.848393440246582,956.931640625,1002.0894775390625,999,536,670.5015869140625,-2.619410991668701,7.831498622894287,999,361.05645751953125,1002.4935913085938,1693584400.2424648,-2.7399041652679443,lgp-long,mu+lambda-ga,reward-unhealthy_termination,ant,105,53600
537,8.086084365844727,1001.9872436523438,-4.7160820960998535,537,2264.8039886951447,105,1001.9694213867188,3.96807599067688,999,403.1911315917969,1002.321044921875,1001.9776611328125,579.5239868164062,7.936739444732666,951.08935546875,1000.90478515625,999,537,690.4426879882812,-2.8683202266693115,8.698766708374023,999,389.5252990722656,1002.4656372070312,1693584404.3499017,-3.013692617416382,lgp-long,mu+lambda-ga,reward-unhealthy_termination,ant,105,53700
538,7.393709659576416,1001.8368530273438,-2.6259331703186035,538,2268.912141561508,105,1001.9987182617188,3.968621253967285,999,302.02178955078125,1002.001708984375,1001.3214111328125,691.7673950195312,7.07190465927124,984.7609252929688,1002.1371459960938,999,538,717.1871337890625,-2.659015417098999,7.848506927490234,999,502.07342529296875,1002.1900634765625,1693584408.4580545,-2.4691431522369385,lgp-long,mu+lambda-ga,reward-unhealthy_termination,ant,105,53800
539,7.613507270812988,1002.1227416992188,-2.9199464321136475,539,2273.0194985866547,105,1002.2689819335938,3.972609281539917,999,307.4751892089844,1002.3480834960938,1001.4978637695312,650.17529296875,7.702434539794922,971.764892578125,1002.0777587890625,999,539,695.333984375,-3.1148746013641357,8.082806587219238,999,445.271240234375,1002.5224609375,1693584412.5654116,-2.4049651622772217,lgp-long,mu+lambda-ga,reward-unhealthy_termination,ant,105,53900
540,8.103885650634766,1001.8143920898438,-3.0716183185577393,540,2277.1285750865936,105,1001.9266357421875,3.973404884338379,999,345.8736572265625,1001.9520874023438,1001.5744018554688,650.528564453125,7.18625020980835,982.914794921875,1002.02734375,999,540,706.98876953125,-2.5245273113250732,8.183119773864746,999,428.5965576171875,1002.3067016601562,1693584416.674488,-3.2051212787628174,lgp-long,mu+lambda-ga,reward-unhealthy_termination,ant,105,54000
541,7.554293155670166,1001.64599609375,-2.288604736328125,541,2281.2363741397858,105,1001.97998046875,3.9761786460876465,999,283.5638122558594,1002.0531616210938,1001.9002075195312,722.4219970703125,7.291914463043213,993.5872802734375,1002.2105712890625,999,541,756.68212890625,-2.2993056774139404,7.585557460784912,999,488.420166015625,1002.1491088867188,1693584420.7822871,-2.8193161487579346,lgp-long,mu+lambda-ga,reward-unhealthy_termination,ant,105,54100
542,8.596991539001465,1002.5392456054688,-2.793264150619507,542,2285.3454093933105,105,1002.3895263671875,3.969762086868286,999,10022.3369140625,1002.4125366210938,1002.3097534179688,-314.1492614746094,8.301661491394043,973.6903076171875,1002.5460205078125,999,542,706.0899658203125,-2.9056057929992676,8.425104141235352,999,493.8372802734375,1002.6031494140625,1693584424.8913224,-2.971818208694458,lgp-long,mu+lambda-ga,reward-unhealthy_termination,ant,105,54200
543,7.2404704093933105,1001.7179565429688,-2.751431941986084,543,2289.453053712845,105,1001.8753662109375,3.965202808380127,999,316.92987060546875,1001.953369140625,1001.84521484375,671.8695068359375,7.6755523681640625,988.3604125976562,1001.9288940429688,999,543,726.713623046875,-2.74216628074646,7.766278266906738,999,477.5518798828125,1002.0337524414062,1693584428.9989667,-2.435668468475342,lgp-long,mu+lambda-ga,reward-unhealthy_termination,ant,105,54300
544,7.991392612457275,1002.35693359375,-2.9055287837982178,544,2293.558272123337,105,1001.9620361328125,3.9964311122894287,999,331.8044738769531,1002.4771118164062,1002.2073364257812,698.495849609375,7.811413764953613,996.2090454101562,1001.9462890625,999,544,756.5831298828125,-2.5165278911590576,7.937767028808594,999,496.2423400878906,1002.4901733398438,1693584433.104185,-2.547032117843628,lgp-long,mu+lambda-ga,reward-unhealthy_termination,ant,105,54400
545,7.639811992645264,1002.0133056640625,-2.834196090698242,545,2297.6684396266937,105,1002.0814819335938,3.9848334789276123,999,413.3373718261719,1002.3665161132812,1001.6261596679688,614.6812133789062,7.536689758300781,994.0570068359375,1002.06689453125,999,545,708.2691650390625,-2.8259592056274414,7.9880690574646,999,382.243896484375,1002.4212646484375,1693584437.2143526,-2.538922071456909,lgp-long,mu+lambda-ga,reward-unhealthy_termination,ant,105,54500
546,8.433069229125977,1002.1889038085938,-2.8086907863616943,546,2301.7765896320343,105,1002.25927734375,3.9685051441192627,999,318.2978210449219,1002.3133544921875,1001.9856567382812,650.8648071289062,7.89141845703125,993.0095825195312,1001.41796875,999,546,704.0140380859375,-2.8185882568359375,7.317752838134766,999,456.872802734375,1002.4280395507812,1693584441.3225026,-3.1600818634033203,lgp-long,mu+lambda-ga,reward-unhealthy_termination,ant,105,54600
547,7.9000563621521,1001.9904174804688,-2.7336201667785645,547,2305.882239341736,105,1002.0360717773438,3.970837116241455,999,345.12677001953125,1002.1614990234375,1002.1547241210938,660.4827880859375,8.009774208068848,991.4580078125,1002.04931640625,999,547,707.641357421875,-2.767516613006592,7.8699049949646,999,435.60235595703125,1002.3204345703125,1693584445.4281523,-2.822051763534546,lgp-long,mu+lambda-ga,reward-unhealthy_termination,ant,105,54700
548,7.758841037750244,1001.89892578125,-2.674333095550537,548,2309.992064476013,105,1002.3323364257812,3.971339225769043,999,372.0030517578125,1002.3370971679688,1002.0631103515625,658.7171630859375,7.774459362030029,994.525634765625,1002.0802612304688,999,548,711.1458129882812,-2.625288724899292,7.84048318862915,999,420.78228759765625,1002.4138793945312,1693584449.5379775,-2.773451566696167,lgp-long,mu+lambda-ga,reward-unhealthy_termination,ant,105,54800
549,7.731980323791504,1001.8014526367188,-2.7119624614715576,549,2314.100442647934,105,1002.1752319335938,3.971893310546875,999,355.1147155761719,1002.2667846679688,1001.9220581054688,670.9977416992188,7.422138214111328,995.1713256835938,1002.40869140625,999,549,744.405029296875,-2.4129230976104736,8.208212852478027,999,491.9889831542969,1002.3480834960938,1693584453.6463556,-2.8445801734924316,lgp-long,mu+lambda-ga,reward-unhealthy_termination,ant,105,54900
550,8.144267082214355,1002.1627197265625,-2.969238519668579,550,2318.20783162117,105,1002.0093383789062,3.983968734741211,999,10019.353515625,1002.404052734375,1001.9461059570312,-366.84075927734375,7.737018585205078,988.429931640625,1002.5242309570312,999,550,702.1521606445312,-2.7051830291748047,8.577739715576172,999,420.1638488769531,1002.6121215820312,1693584457.7537446,-2.8968310356140137,lgp-long,mu+lambda-ga,reward-unhealthy_termination,ant,105,55000
551,8.106493949890137,1002.1508178710938,-2.6008150577545166,551,2322.3142549991608,105,1002.1957397460938,3.9783506393432617,999,383.2197265625,1002.2199096679688,1001.6619262695312,659.8064575195312,7.676353454589844,996.36572265625,1002.1775512695312,999,551,754.431396484375,-2.929023504257202,7.866654872894287,999,477.2110900878906,1002.5725708007812,1693584461.860168,-2.8692355155944824,lgp-long,mu+lambda-ga,reward-unhealthy_termination,ant,105,55100
552,8.224716186523438,1001.77734375,-2.6942873001098633,552,2326.420377254486,105,1002.2174072265625,3.9778940677642822,999,458.76873779296875,1002.5352783203125,1002.1135864257812,503.14642333984375,7.890538215637207,992.8729248046875,1002.3427734375,999,552,601.927734375,-2.690251588821411,8.12230110168457,999,200.5947265625,1002.6351928710938,1693584465.9662902,-3.3624157905578613,lgp-long,mu+lambda-ga,reward-unhealthy_termination,ant,105,55200
553,7.9865264892578125,1002.1785278320312,-2.785942792892456,553,2330.527449131012,105,1002.100341796875,3.9735889434814453,999,395.1800537109375,1002.1834716796875,1001.7125854492188,528.871337890625,7.3846435546875,846.290771484375,1001.9711303710938,999,553,588.710693359375,-2.5845539569854736,7.843968868255615,999,291.0760192871094,1002.4490966796875,1693584470.073362,-2.720637798309326,lgp-long,mu+lambda-ga,reward-unhealthy_termination,ant,105,55300
554,8.129268646240234,1002.1520385742188,-2.7456858158111572,554,2334.6352829933167,105,1002.1798706054688,3.9708523750305176,999,416.09967041015625,1002.1952514648438,1002.2389526367188,567.9447631835938,8.010282516479492,941.6265869140625,1002.5416259765625,999,554,706.2154541015625,-2.6859121322631836,8.37394905090332,999,231.8944854736328,1002.4599609375,1693584474.181196,-2.8914549350738525,lgp-long,mu+lambda-ga,reward-unhealthy_termination,ant,105,55400
555,7.7823615074157715,1002.0391845703125,-2.9420571327209473,555,2338.7425532341003,105,1002.2090454101562,3.9713294506073,999,402.1540222167969,1002.2620849609375,1002.091796875,561.578125,7.986161708831787,944.1566772460938,1002.0896606445312,999,555,702.2368774414062,-2.8084113597869873,8.116804122924805,999,269.96148681640625,1002.4048461914062,1693584478.2884662,-2.6571528911590576,lgp-long,mu+lambda-ga,reward-unhealthy_termination,ant,105,55500
556,7.634913921356201,1001.8225708007812,-2.9406216144561768,556,2342.849449157715,105,1002.1497192382812,3.979768753051758,999,14088.0068359375,1002.3212280273438,1001.8671875,-1418.804931640625,7.559318542480469,977.885986328125,1002.3432006835938,999,556,618.0562744140625,-2.6035830974578857,8.370406150817871,999,403.5357666015625,1002.3731079101562,1693584482.3953621,-2.725815773010254,lgp-long,mu+lambda-ga,reward-unhealthy_termination,ant,105,55600
557,7.84243631362915,1001.9098510742188,-2.9080514907836914,557,2346.9569849967957,105,1002.277099609375,3.9786179065704346,999,422.1111145019531,1002.4677734375,1001.9608764648438,576.610107421875,7.878346920013428,988.5615234375,1002.6154174804688,999,557,624.5421142578125,-2.8306775093078613,8.608817100524902,999,329.59747314453125,1002.6688842773438,1693584486.502898,-2.847601890563965,lgp-long,mu+lambda-ga,reward-unhealthy_termination,ant,105,55700
558,7.742825508117676,1001.9044189453125,-2.8288557529449463,558,2351.0649104118347,105,1002.1458740234375,3.9778709411621094,999,404.8671875,1002.231201171875,1002.0236206054688,541.0021362304688,8.146319389343262,895.49169921875,1002.2150268554688,999,558,593.23046875,-3.037379264831543,8.132399559020996,999,343.2254333496094,1002.5927734375,1693584490.6108234,-2.7521865367889404,lgp-long,mu+lambda-ga,reward-unhealthy_termination,ant,105,55800
559,7.9982147216796875,1002.1410522460938,-3.0969016551971436,559,2355.1725175380707,105,1002.195068359375,3.977846384048462,999,383.5353698730469,1002.2233276367188,1001.8433837890625,597.4901733398438,7.920253276824951,968.4141845703125,1002.2353515625,999,559,708.1087646484375,-2.9903485774993896,8.417716026306152,999,361.6234130859375,1002.4431762695312,1693584494.7184305,-2.7705800533294678,lgp-long,mu+lambda-ga,reward-unhealthy_termination,ant,105,55900
560,8.094536781311035,1001.9680786132812,-2.9290060997009277,560,2359.279731988907,105,1001.7906494140625,3.975165843963623,999,346.2137451171875,1001.9073486328125,1001.6570434570312,579.140380859375,7.525701999664307,865.0103149414062,1002.1359252929688,999,560,652.0736083984375,-2.7830004692077637,8.149796485900879,999,367.27691650390625,1002.3853149414062,1693584498.825645,-3.041055679321289,lgp-long,mu+lambda-ga,reward-unhealthy_termination,ant,105,56000
561,8.005148887634277,1002.1010131835938,-2.9024102687835693,561,2363.3872454166412,105,1002.0308227539062,3.975696325302124,999,424.3221740722656,1002.097412109375,1002.0133666992188,521.5078735351562,7.88515043258667,910.219482421875,1002.0692749023438,999,561,593.4529418945312,-2.7844762802124023,8.058257102966309,999,199.67276000976562,1002.59716796875,1693584502.9331584,-2.8161258697509766,lgp-long,mu+lambda-ga,reward-unhealthy_termination,ant,105,56100
562,8.167436599731445,1002.2216796875,-2.9132304191589355,562,2367.495223760605,105,1002.0469360351562,3.976125717163086,999,357.2128601074219,1002.2374267578125,1002.076171875,602.8953857421875,7.942898750305176,882.0545654296875,1002.2982788085938,999,562,700.5520629882812,-2.7785897254943848,8.298012733459473,999,423.06689453125,1002.6022338867188,1693584507.0411367,-2.856276750564575,lgp-long,mu+lambda-ga,reward-unhealthy_termination,ant,105,56200
563,8.498628616333008,1002.298828125,-2.8907649517059326,563,2371.602151632309,105,1002.2787475585938,3.9782943725585938,999,336.867919921875,1002.2800903320312,1002.2955322265625,636.344970703125,8.480379104614258,941.661376953125,1002.48291015625,999,563,706.981201171875,-3.098371982574463,8.460664749145508,999,448.7892761230469,1002.5501708984375,1693584511.1480646,-3.113507032394409,lgp-long,mu+lambda-ga,reward-unhealthy_termination,ant,105,56300
564,7.193644046783447,1001.6648559570312,-2.7419469356536865,564,2375.709468603134,105,1001.9359130859375,3.9782721996307373,999,410.1134033203125,1001.9549560546875,1001.6505126953125,524.9544677734375,7.536477565765381,886.9793090820312,1001.5300903320312,999,564,615.692138671875,-2.8000190258026123,7.3590312004089355,999,207.27059936523438,1002.0527954101562,1693584515.2553816,-2.441720724105835,lgp-long,mu+lambda-ga,reward-unhealthy_termination,ant,105,56400
565,7.768710613250732,1002.1534423828125,-2.644521713256836,565,2379.817798137665,105,1001.935546875,3.9780683517456055,999,341.0356750488281,1002.2914428710938,1001.8612670898438,567.2770385742188,7.638164520263672,885.9065551757812,1002.3857421875,999,565,569.0396728515625,-2.690549612045288,8.11662769317627,999,356.3238525390625,1002.3955688476562,1693584519.363711,-2.528402090072632,lgp-long,mu+lambda-ga,reward-unhealthy_termination,ant,105,56500
566,7.926130771636963,1002.06298828125,-2.6236658096313477,566,2383.925649166107,105,1002.1858520507812,3.9781785011291504,999,396.3739318847656,1002.204833984375,1002.0499877929688,551.3840942382812,7.792137145996094,963.6636962890625,1002.4114379882812,999,566,600.6641845703125,-2.6559696197509766,8.120687484741211,999,386.97027587890625,1002.392578125,1693584523.4715621,-2.778578758239746,lgp-long,mu+lambda-ga,reward-unhealthy_termination,ant,105,56600
567,8.74512767791748,1002.2550659179688,-2.778162717819214,567,2388.036191701889,105,1002.2423095703125,3.989677667617798,999,390.8050537109375,1002.322998046875,1001.9389038085938,477.3474426269531,7.873802185058594,750.6268920898438,1001.6847534179688,999,567,493.443115234375,-2.846944808959961,7.5492143630981445,999,237.74278259277344,1002.388671875,1693584527.5821047,-3.404844284057617,lgp-long,mu+lambda-ga,reward-unhealthy_termination,ant,105,56700
568,7.892012119293213,1001.79541015625,-2.871535539627075,568,2392.148324728012,105,1002.3211059570312,3.9804697036743164,999,10024.8603515625,1002.3446655273438,1002.1546020507812,-311.8096923828125,8.285588264465332,978.302001953125,1002.2600708007812,999,568,772.83349609375,-3.0468246936798096,8.218099594116211,999,572.744384765625,1002.5474853515625,1693584531.6942377,-3.010834217071533,lgp-long,mu+lambda-ga,reward-unhealthy_termination,ant,105,56800
569,7.893975734710693,1001.9982299804688,-2.933936834335327,569,2396.261178255081,105,1002.223388671875,3.9892520904541016,999,397.2979431152344,1002.4727783203125,1002.2133178710938,590.9935913085938,8.10705852508545,993.0245971679688,1002.4544067382812,999,569,684.43603515625,-2.8076601028442383,8.474783897399902,999,385.16754150390625,1002.6716918945312,1693584535.8070912,-2.8089377880096436,lgp-long,mu+lambda-ga,reward-unhealthy_termination,ant,105,56900
570,7.966561317443848,1002.2657470703125,-2.773444890975952,570,2400.365818977356,105,1002.1825561523438,4.009419918060303,999,345.89495849609375,1002.239013671875,1001.8324584960938,646.3377075195312,7.8460259437561035,978.616943359375,1002.3658447265625,999,570,687.2354736328125,-2.928511142730713,8.225398063659668,999,480.63458251953125,1002.5565185546875,1693584539.911732,-2.613764524459839,lgp-long,mu+lambda-ga,reward-unhealthy_termination,ant,105,57000
571,7.920655727386475,1001.9762573242188,-2.9617741107940674,571,2404.474182844162,105,1002.2809448242188,4.006500244140625,999,393.2948913574219,1002.3812866210938,1002.0147705078125,601.3128662109375,7.889455318450928,994.0416259765625,1002.4345703125,999,571,706.56884765625,-2.787728786468506,8.480807304382324,999,255.09832763671875,1002.6343994140625,1693584544.0200958,-2.857063055038452,lgp-long,mu+lambda-ga,reward-unhealthy_termination,ant,105,57100
572,7.806312084197998,1002.0353393554688,-2.9240987300872803,572,2408.58345580101,105,1002.0714111328125,4.0010457038879395,999,10016.6572265625,1002.2451782226562,1001.8767700195312,-406.7336120605469,7.971631050109863,957.6890869140625,1002.1004028320312,999,572,679.0891723632812,-3.0095694065093994,8.109663963317871,999,384.10748291015625,1002.3057250976562,1693584548.1293688,-2.684515953063965,lgp-long,mu+lambda-ga,reward-unhealthy_termination,ant,105,57200
573,7.962787628173828,1002.1793212890625,-2.7370009422302246,573,2412.6920120716095,105,1002.1346435546875,4.0043110847473145,999,293.1365661621094,1002.2158203125,1002.1842041015625,678.6293334960938,8.05202865600586,993.3142700195312,1002.5275268554688,999,573,709.5091552734375,-2.7818429470062256,8.35193920135498,999,478.774169921875,1002.5449829101562,1693584552.237925,-2.6967999935150146,lgp-long,mu+lambda-ga,reward-unhealthy_termination,ant,105,57300
574,7.794108867645264,1002.2338256835938,-2.8457067012786865,574,2416.7993252277374,105,1002.2605590820312,4.00254487991333,999,376.3975830078125,1002.2666015625,1001.7501220703125,591.760986328125,7.53120756149292,981.2240600585938,1001.9697265625,999,574,671.2723388671875,-2.693925619125366,7.900900363922119,999,378.9725036621094,1002.300048828125,1693584556.3452382,-2.4716603755950928,lgp-long,mu+lambda-ga,reward-unhealthy_termination,ant,105,57400
575,7.790716648101807,1002.0175170898438,-2.7884676456451416,575,2420.9096462726593,105,1002.0556030273438,4.009171009063721,999,368.8947448730469,1002.2415771484375,1001.9654541015625,628.5471801757812,7.603179931640625,986.0257568359375,1002.00341796875,999,575,706.73779296875,-2.5509908199310303,7.879238128662109,999,399.3260498046875,1002.3033447265625,1693584560.4555593,-2.6883726119995117,lgp-long,mu+lambda-ga,reward-unhealthy_termination,ant,105,57500
576,7.943896770477295,1002.0740356445312,-2.8374736309051514,576,2425.022932291031,105,1001.9251708984375,4.001918315887451,999,376.6956481933594,1001.9498901367188,1001.9906616210938,581.1725463867188,7.51101541519165,884.583740234375,1001.8671264648438,999,576,684.4202880859375,-2.4322574138641357,7.791306495666504,999,348.30615234375,1001.9622802734375,1693584564.5688453,-2.785125494003296,lgp-long,mu+lambda-ga,reward-unhealthy_termination,ant,105,57600
577,7.69429874420166,1001.8800048828125,-2.8877151012420654,577,2429.133556842804,105,1002.001953125,4.013790607452393,999,334.04913330078125,1002.0388793945312,1002.02294921875,666.848876953125,7.859261512756348,972.890625,1001.97412109375,999,577,707.1786499023438,-2.747127056121826,7.951263427734375,999,479.7165222167969,1002.1412963867188,1693584568.6794698,-2.728367328643799,lgp-long,mu+lambda-ga,reward-unhealthy_termination,ant,105,57700
578,7.8194899559021,1001.9141845703125,-3.3445770740509033,578,2433.245495080948,105,1001.8882446289062,4.005773544311523,999,388.76226806640625,1001.9332275390625,1001.8248901367188,609.9271240234375,7.655694007873535,881.656005859375,1002.1828002929688,999,578,706.1385498046875,-2.7450811862945557,8.612409591674805,999,450.39459228515625,1002.1840209960938,1693584572.791408,-2.820075035095215,lgp-long,mu+lambda-ga,reward-unhealthy_termination,ant,105,57800
579,8.31408405303955,1002.2769775390625,-2.869086980819702,579,2437.35529088974,105,1002.038818359375,3.9981658458709717,999,10020.6650390625,1002.1430053710938,1001.1728515625,-376.10699462890625,7.432583808898926,981.4078979492188,1002.0250244140625,999,579,712.120361328125,-3.171109676361084,7.980952739715576,999,379.9869384765625,1002.3573608398438,1693584576.9012039,-2.953324317932129,lgp-long,mu+lambda-ga,reward-unhealthy_termination,ant,105,57900
580,7.999328136444092,1002.2435913085938,-2.7618143558502197,580,2441.4634919166565,105,1002.1156616210938,3.9896228313446045,999,342.8324890136719,1002.21826171875,1001.9588012695312,628.4295043945312,7.740531921386719,972.4075317382812,1001.6610717773438,999,580,701.210693359375,-2.6919376850128174,7.5083746910095215,999,383.8346862792969,1002.4411010742188,1693584581.009405,-2.6692256927490234,lgp-long,mu+lambda-ga,reward-unhealthy_termination,ant,105,58000
581,7.682908058166504,1001.7566528320312,-2.9679152965545654,581,2445.5738174915314,105,1002.0324096679688,3.9865899085998535,999,415.12701416015625,1002.0767822265625,1001.8235473632812,513.819580078125,8.075457572937012,892.1726684570312,1002.10400390625,999,581,582.9423217773438,-3.1665568351745605,8.157842636108398,999,208.38528442382812,1002.1051025390625,1693584585.1197305,-2.83843731880188,lgp-long,mu+lambda-ga,reward-unhealthy_termination,ant,105,58100
582,7.735145568847656,1001.7125854492188,-2.7874112129211426,582,2449.6839611530304,105,1001.6949462890625,3.9867117404937744,999,398.67352294921875,1002.1055297851562,1001.9640502929688,532.5625,7.798623561859131,932.2120971679688,1002.0607299804688,999,582,544.9387817382812,-2.7471654415130615,7.932736873626709,999,295.5349426269531,1002.2734375,1693584589.2298741,-2.9362823963165283,lgp-long,mu+lambda-ga,reward-unhealthy_termination,ant,105,58200
583,7.832859039306641,1002.0292358398438,-3.061610221862793,583,2453.790791988373,105,1001.9312133789062,3.9850564002990723,999,339.0086975097656,1001.9871215820312,1001.5598754882812,637.521240234375,7.317134857177734,908.9306640625,1001.8634033203125,999,583,712.4669189453125,-2.669677495956421,8.00899600982666,999,488.08941650390625,1002.0497436523438,1693584593.336705,-2.719491481781006,lgp-long,mu+lambda-ga,reward-unhealthy_termination,ant,105,58300
584,8.069682121276855,1001.86083984375,-2.4160726070404053,584,2457.901914358139,105,1001.7451171875,3.986128568649292,999,410.3982238769531,1001.8197631835938,1001.8531494140625,580.4304809570312,7.648793697357178,962.412109375,1001.8764038085938,999,584,708.2911987304688,-2.709958791732788,7.380702972412109,999,347.6153259277344,1001.9434814453125,1693584597.4478273,-3.122952938079834,lgp-long,mu+lambda-ga,reward-unhealthy_termination,ant,105,58400
585,8.403083801269531,1002.3038940429688,-2.679462432861328,585,2462.010312795639,105,1002.1474609375,3.9658493995666504,999,401.339599609375,1002.43505859375,1002.111328125,535.0912475585938,8.162055015563965,967.5988159179688,1001.9338989257812,999,585,574.00830078125,-2.9633021354675293,7.701024055480957,999,219.85169982910156,1002.498291015625,1693584601.5562258,-3.0128486156463623,lgp-long,mu+lambda-ga,reward-unhealthy_termination,ant,105,58500
586,8.488825798034668,1002.1220092773438,-2.767301082611084,586,2466.1197192668915,105,1002.07373046875,3.9828481674194336,999,370.5625915527344,1002.1004638671875,1001.94580078125,562.3657836914062,7.9621429443359375,848.3572998046875,1002.1207275390625,999,586,623.3018798828125,-2.9317867755889893,7.973458766937256,999,395.3250732421875,1002.2870483398438,1693584605.6656322,-3.2809524536132812,lgp-long,mu+lambda-ga,reward-unhealthy_termination,ant,105,58600
587,8.377476692199707,1002.0660400390625,-2.951120138168335,587,2470.231034040451,105,1002.0984497070312,3.9769551753997803,999,425.60791015625,1002.1571044921875,1001.9267578125,523.5115356445312,7.386648654937744,986.6483154296875,1001.6051025390625,999,587,535.554931640625,-2.3723883628845215,7.64339542388916,999,207.8991241455078,1002.1673583984375,1693584609.776947,-3.2261154651641846,lgp-long,mu+lambda-ga,reward-unhealthy_termination,ant,105,58700
588,7.080811977386475,1001.4301147460938,-2.8808419704437256,588,2474.339827775955,105,1002.0277099609375,3.980170249938965,999,359.44677734375,1002.1229248046875,1001.92626953125,588.0013427734375,7.759095668792725,879.313232421875,1002.5294799804688,999,588,638.3968505859375,-2.7477002143859863,8.496402740478516,999,425.90863037109375,1002.646728515625,1693584613.8857408,-2.560474395751953,lgp-long,mu+lambda-ga,reward-unhealthy_termination,ant,105,58800
589,8.031630516052246,1002.1474609375,-2.654848575592041,589,2478.447877883911,105,1002.0007934570312,3.9770758152008057,999,417.74566650390625,1002.0993041992188,1001.9186401367188,489.7076721191406,7.744601726531982,858.101806640625,1002.1381225585938,999,589,542.245361328125,-2.7385404109954834,7.878734111785889,999,257.8724365234375,1002.3626708984375,1693584617.9937909,-2.7954890727996826,lgp-long,mu+lambda-ga,reward-unhealthy_termination,ant,105,58900
590,7.448963165283203,1001.6720581054688,-3.1164493560791016,590,2482.5600488185883,105,1001.8760986328125,3.976411819458008,999,400.29559326171875,1001.9884033203125,1001.5941772460938,607.3018188476562,7.549154758453369,980.1680908203125,1002.1693725585938,999,590,708.6680908203125,-2.8686611652374268,8.371172904968262,999,399.2831115722656,1002.4031372070312,1693584622.1059618,-2.685520648956299,lgp-long,mu+lambda-ga,reward-unhealthy_termination,ant,105,59000
591,7.713677883148193,1001.9967041015625,-2.8023650646209717,591,2486.669506549835,105,1001.9669799804688,3.980588436126709,999,325.4459533691406,1001.9857788085938,1001.84912109375,641.9004516601562,7.522048473358154,926.011962890625,1002.0810546875,999,591,714.3418579101562,-2.5855712890625,7.969512462615967,999,418.6528625488281,1002.2145385742188,1693584626.2154195,-2.624516725540161,lgp-long,mu+lambda-ga,reward-unhealthy_termination,ant,105,59100
592,7.293782711029053,1001.9080200195312,-2.713547706604004,592,2490.778908967972,105,1002.1607666015625,3.978930950164795,999,331.7200622558594,1002.162841796875,1001.65625,610.5895385742188,7.466615200042725,874.7424926757812,1001.7625122070312,999,592,703.5228271484375,-2.722780704498291,7.56189489364624,999,417.71234130859375,1002.18505859375,1693584630.324822,-2.2988030910491943,lgp-long,mu+lambda-ga,reward-unhealthy_termination,ant,105,59200
593,8.015274047851562,1002.0607299804688,-2.654804229736328,593,2494.888365983963,105,1002.1517333984375,3.985431671142578,999,401.8900451660156,1002.157958984375,1002.0607299804688,571.4680786132812,7.668290138244629,972.8560791015625,1001.2159423828125,999,593,640.3035888671875,-2.521160840988159,6.963039398193359,999,324.7767028808594,1002.3756103515625,1693584634.434279,-2.8676209449768066,lgp-long,mu+lambda-ga,reward-unhealthy_termination,ant,105,59300
594,7.9982523918151855,1002.2119140625,-2.5887551307678223,594,2499.0018582344055,105,1002.1375732421875,3.9742038249969482,999,10014.3779296875,1002.3410034179688,1002.0404663085938,-421.4049987792969,7.966246128082275,880.687255859375,1002.2035522460938,999,594,691.9063720703125,-2.838655471801758,7.879011631011963,999,378.1371765136719,1002.3707885742188,1693584638.5477712,-2.70015025138855,lgp-long,mu+lambda-ga,reward-unhealthy_termination,ant,105,59400
595,8.074880599975586,1001.9069213867188,-2.6864864826202393,595,2503.1085131168365,105,1002.0465698242188,3.9802098274230957,999,364.4436950683594,1002.1204833984375,1001.9016723632812,627.3695068359375,7.988278388977051,979.9901123046875,1001.837890625,999,595,713.4020385742188,-3.000365734100342,7.612392425537109,999,394.53009033203125,1002.1495361328125,1693584642.654426,-3.0806519985198975,lgp-long,mu+lambda-ga,reward-unhealthy_termination,ant,105,59500
596,7.888007640838623,1001.9567260742188,-3.0533361434936523,596,2507.218235731125,105,1002.061279296875,3.9749741554260254,999,376.1341857910156,1002.173095703125,1001.5919189453125,573.3781127929688,7.439353942871094,977.6565551757812,1002.2196655273438,999,596,604.366455078125,-2.762230634689331,8.35827922821045,999,399.918701171875,1002.3738403320312,1693584646.7641487,-2.8456153869628906,lgp-long,mu+lambda-ga,reward-unhealthy_termination,ant,105,59600
597,7.834701061248779,1002.0636596679688,-2.9574623107910156,597,2511.3272321224213,105,1001.8585205078125,3.9666099548339844,999,10012.666015625,1002.1558837890625,1001.7919921875,-441.37786865234375,7.787020206451416,863.8436279296875,1001.509765625,999,597,604.7630615234375,-2.907574415206909,7.557814121246338,999,361.20703125,1002.162109375,1693584650.873145,-2.685380220413208,lgp-long,mu+lambda-ga,reward-unhealthy_termination,ant,105,59700
598,8.162874221801758,1002.2880859375,-2.8320255279541016,598,2515.4365327358246,105,1002.23388671875,3.972358226776123,999,349.675537109375,1002.276611328125,1002.1472778320312,709.5505981445312,7.983705997467041,997.5790405273438,1001.5152587890625,999,598,854.3484497070312,-2.74985671043396,7.4383697509765625,999,488.88226318359375,1002.2833862304688,1693584654.9824457,-2.787752628326416,lgp-long,mu+lambda-ga,reward-unhealthy_termination,ant,105,59800
599,7.699227809906006,1001.8414306640625,-3.0122311115264893,599,2519.5449426174164,105,1002.0499267578125,3.974982500076294,999,344.507568359375,1002.2411499023438,1002.0956420898438,643.9998168945312,7.831844329833984,991.8121948242188,1001.8646850585938,999,599,705.0067749023438,-2.6483170986175537,7.962855815887451,999,413.9371032714844,1002.2434692382812,1693584659.0908556,-2.7706151008605957,lgp-long,mu+lambda-ga,reward-unhealthy_termination,ant,105,59900
600,7.800012111663818,1001.8905639648438,-2.4497432708740234,600,2523.651167869568,105,1001.9321899414062,3.975860357284546,999,417.7998046875,1002.020263671875,1001.6599731445312,603.358642578125,7.565616607666016,985.7382202148438,1001.82177734375,999,600,707.166259765625,-2.8196914196014404,7.357564449310303,999,401.4862976074219,1002.0411376953125,1693584663.1970809,-2.8165080547332764,lgp-long,mu+lambda-ga,reward-unhealthy_termination,ant,105,60000
601,7.556129455566406,1001.9252319335938,-2.794010877609253,601,2527.7606308460236,105,1002.1409912109375,3.971795082092285,999,17148.80859375,1002.1552124023438,1002.0341796875,-2522.6123046875,8.004980087280273,904.9052734375,1001.9098510742188,999,601,531.9324951171875,-2.8837249279022217,7.789422512054443,999,202.150634765625,1002.358642578125,1693584667.3065438,-2.5440285205841064,lgp-long,mu+lambda-ga,reward-unhealthy_termination,ant,105,60100
602,7.886630535125732,1001.9806518554688,-2.9580464363098145,602,2531.8683218955994,105,1002.3469848632812,3.9697701930999756,999,376.37554931640625,1002.3682250976562,1002.2713012695312,552.444580078125,7.911141872406006,877.120361328125,1002.2877197265625,999,602,582.5167846679688,-2.5524404048919678,8.332353591918945,999,339.9629821777344,1002.4409790039062,1693584671.4142349,-2.819441080093384,lgp-long,mu+lambda-ga,reward-unhealthy_termination,ant,105,60200
603,7.835663795471191,1002.00439453125,-2.881676435470581,603,2535.974650144577,105,1001.8982543945312,3.970768690109253,999,10008.662109375,1001.9736938476562,1001.8126220703125,-495.74420166015625,7.509773254394531,877.2044677734375,1002.14697265625,999,603,581.5526123046875,-2.6115081310272217,8.113723754882812,999,189.55844116210938,1002.6574096679688,1693584675.5205631,-2.7455337047576904,lgp-long,mu+lambda-ga,reward-unhealthy_termination,ant,105,60300
604,8.17176342010498,1002.072265625,-2.824775218963623,604,2540.0849783420563,105,1002.1995239257812,3.9722578525543213,999,14087.2578125,1002.2432861328125,1002.0520629882812,-1416.1968994140625,8.02304458618164,919.5899658203125,1002.2647705078125,999,604,590.468994140625,-2.8826236724853516,8.176484107971191,999,403.17352294921875,1002.24755859375,1693584679.6308913,-3.012610673904419,lgp-long,mu+lambda-ga,reward-unhealthy_termination,ant,105,60400
605,7.773632049560547,1001.9429931640625,-2.6809463500976562,605,2544.1928441524506,105,1001.984130859375,3.9690752029418945,999,451.0301513671875,1002.0929565429688,1002.1962890625,517.5130615234375,8.37545394897461,980.022216796875,1001.7864379882812,999,605,614.4441528320312,-3.091905355453491,7.554368019104004,999,193.91445922851562,1002.1548461914062,1693584683.7387571,-2.7431912422180176,lgp-long,mu+lambda-ga,reward-unhealthy_termination,ant,105,60500
606,8.343671798706055,1002.3238525390625,-2.729144334793091,606,2548.301441192627,105,1002.2550048828125,3.9707999229431152,999,377.2041320800781,1002.2952880859375,1002.1202392578125,645.4727783203125,7.8044891357421875,994.724365234375,1002.1889038085938,999,606,708.8328857421875,-2.5978775024414062,8.003809928894043,999,437.6370544433594,1002.3441772460938,1693584687.8473542,-2.932279586791992,lgp-long,mu+lambda-ga,reward-unhealthy_termination,ant,105,60600
607,8.079405784606934,1002.1381225585938,-2.6683804988861084,607,2552.409473657608,105,1001.9612426757812,3.9732518196105957,999,388.51458740234375,1002.2374877929688,1001.8661499023438,587.9646606445312,7.707855224609375,937.6406860351562,1002.4244384765625,999,607,700.898193359375,-2.755547523498535,8.179807662963867,999,396.5384216308594,1002.4373779296875,1693584691.9553866,-2.853785753250122,lgp-long,mu+lambda-ga,reward-unhealthy_termination,ant,105,60700
608,8.224753379821777,1002.2315673828125,-2.705531120300293,608,2556.5159623622894,105,1002.2083740234375,3.9669857025146484,999,432.72515869140625,1002.358154296875,1002.06201171875,554.712890625,7.88289737701416,980.056640625,1002.1427612304688,999,608,621.3702392578125,-2.7354352474212646,7.934080600738525,999,390.0145568847656,1002.379638671875,1693584696.0618753,-2.909231662750244,lgp-long,mu+lambda-ga,reward-unhealthy_termination,ant,105,60800
609,8.144545555114746,1002.1349487304688,-2.8562557697296143,609,2560.625284910202,105,1002.1620483398438,3.990615129470825,999,17161.33984375,1002.2904052734375,1002.0595703125,-2437.059326171875,7.948469638824463,886.47216796875,1002.3598022460938,999,609,590.856201171875,-2.801487922668457,8.302155494689941,999,370.45159912109375,1002.3951416015625,1693584700.171198,-2.92256236076355,lgp-long,mu+lambda-ga,reward-unhealthy_termination,ant,105,60900
610,7.942222595214844,1001.9618530273438,-2.5893948078155518,610,2564.732636451721,105,1002.2055053710938,4.006982803344727,999,492.1285095214844,1002.2620239257812,1002.1692504882812,443.7211608886719,8.082545280456543,989.09326171875,1002.1017456054688,999,610,497.9625244140625,-2.8255510330200195,7.778025150299072,999,82.73198699951172,1002.268798828125,1693584704.2785494,-2.8962595462799072,lgp-long,mu+lambda-ga,reward-unhealthy_termination,ant,105,61000
611,7.897634029388428,1001.6923217773438,-2.4726309776306152,611,2568.8425352573395,105,1002.216064453125,4.013464450836182,999,17160.0,1002.2174682617188,1002.19140625,-2452.42724609375,7.913586616516113,966.6771850585938,1002.2731323242188,999,611,705.0672607421875,-2.6364376544952393,7.833133697509766,999,207.2105712890625,1002.4295654296875,1693584708.3884482,-3.1201186180114746,lgp-long,mu+lambda-ga,reward-unhealthy_termination,ant,105,61100
612,8.009664535522461,1002.2890625,-2.655740737915039,612,2572.9514977931976,105,1002.3558349609375,4.0090789794921875,999,349.96240234375,1002.364990234375,1002.0560913085938,675.2706298828125,8.034708023071289,989.494140625,1002.5914306640625,999,612,740.388671875,-2.8926074504852295,8.333830833435059,999,497.4710693359375,1002.5411987304688,1693584712.4974108,-2.6353414058685303,lgp-long,mu+lambda-ga,reward-unhealthy_termination,ant,105,61200
613,7.6324310302734375,1001.7518920898438,-2.5615642070770264,613,2577.0615656375885,105,1002.0206909179688,4.008822917938232,999,427.3040466308594,1002.0433959960938,1001.4284057617188,507.8153076171875,7.333312511444092,820.9957275390625,1002.1989135742188,999,613,606.4539184570312,-2.81929349899292,7.846070289611816,999,281.9086608886719,1002.3689575195312,1693584716.6074786,-2.793285608291626,lgp-long,mu+lambda-ga,reward-unhealthy_termination,ant,105,61300
614,7.983563423156738,1001.9519653320312,-2.6981160640716553,614,2581.172318458557,105,1002.1045532226562,4.007909774780273,999,369.1429748535156,1002.211669921875,1001.7240600585938,672.0955810546875,7.207561016082764,996.7275390625,1002.0115356445312,999,614,723.456298828125,-2.3922836780548096,7.7953782081604,999,466.353271484375,1002.3121337890625,1693584720.7182314,-2.944817304611206,lgp-long,mu+lambda-ga,reward-unhealthy_termination,ant,105,61400
615,7.934876441955566,1001.9503173828125,-2.6475486755371094,615,2585.281688451767,105,1002.0885009765625,4.009291172027588,999,439.5948791503906,1002.0888061523438,1002.0606689453125,514.1306762695312,8.039994239807129,859.1676635742188,1002.2357788085938,999,615,669.0584716796875,-2.8935611248016357,7.970242977142334,999,249.07391357421875,1002.3492431640625,1693584724.8276014,-2.8989369869232178,lgp-long,mu+lambda-ga,reward-unhealthy_termination,ant,105,61500
616,8.05164623260498,1002.1668090820312,-2.8371119499206543,616,2589.39061832428,105,1002.3150024414062,4.009634494781494,999,459.2884521484375,1002.3240356445312,1001.8046875,519.5712890625,7.721158504486084,965.39501953125,1002.17919921875,999,616,654.900146484375,-2.828773260116577,8.102577209472656,999,327.72796630859375,1002.3848266601562,1693584728.9365313,-2.7990338802337646,lgp-long,mu+lambda-ga,reward-unhealthy_termination,ant,105,61600
617,8.351332664489746,1002.2872314453125,-2.813347578048706,617,2593.50328040123,105,1002.4163818359375,4.006873607635498,999,423.43572998046875,1002.5435791015625,1002.3148803710938,539.262451171875,8.169830322265625,893.2808837890625,1002.4118041992188,999,617,609.0805053710938,-2.767129421234131,8.312740325927734,999,294.5660095214844,1002.5957641601562,1693584733.0491934,-2.978066921234131,lgp-long,mu+lambda-ga,reward-unhealthy_termination,ant,105,61700
618,8.517938613891602,1002.23681640625,-2.886855125427246,618,2597.611501455307,105,1002.355224609375,4.009027004241943,999,412.38360595703125,1002.4083251953125,1002.1541137695312,559.251220703125,7.9382171630859375,984.9083862304688,1002.06982421875,999,618,662.9918212890625,-2.6963930130004883,8.043051719665527,999,357.66644287109375,1002.5765380859375,1693584737.1574144,-3.1965348720550537,lgp-long,mu+lambda-ga,reward-unhealthy_termination,ant,105,61800
619,7.296963691711426,1001.7047729492188,-2.7393128871917725,619,2601.721467733383,105,1001.8363647460938,4.012783050537109,999,10017.646484375,1001.8948974609375,1001.76318359375,-385.8258972167969,7.047260284423828,976.3739013671875,1001.7484741210938,999,619,677.4378051757812,-2.198467254638672,7.577455997467041,999,416.24029541015625,1001.9773559570312,1693584741.2673807,-2.505844831466675,lgp-long,mu+lambda-ga,reward-unhealthy_termination,ant,105,61900
620,8.512907028198242,1002.080078125,-3.2176544666290283,620,2605.8296563625336,105,1002.3734130859375,4.006243705749512,999,10015.4609375,1002.4007568359375,1002.0823364257812,-435.6257019042969,7.894108772277832,988.436279296875,1002.7323608398438,999,620,703.62255859375,-2.7240426540374756,9.03541088104248,999,238.16627502441406,1002.8189086914062,1693584745.3755693,-3.350517988204956,lgp-long,mu+lambda-ga,reward-unhealthy_termination,ant,105,62000
621,8.26675033569336,1002.2044067382812,-2.888456106185913,621,2609.9416086673737,105,1002.3858642578125,4.014191627502441,999,436.9181213378906,1002.4476318359375,1002.4645385742188,543.3516235351562,8.377555847167969,977.7589111328125,1002.5568237304688,999,621,590.9228515625,-2.8277523517608643,8.52993106842041,999,338.74627685546875,1002.5399780273438,1693584749.4875216,-2.976766347885132,lgp-long,mu+lambda-ga,reward-unhealthy_termination,ant,105,62100
622,7.7569732666015625,1001.8526611328125,-3.1100399494171143,622,2614.0497918128967,105,1001.9622802734375,4.00965690612793,999,10020.515625,1002.033447265625,1001.4620971679688,-365.64154052734375,7.320164680480957,983.3970947265625,1001.93408203125,999,622,719.6083984375,-2.7691314220428467,8.129278182983398,999,419.1539306640625,1002.5221557617188,1693584753.5957048,-2.819244384765625,lgp-long,mu+lambda-ga,reward-unhealthy_termination,ant,105,62200
623,7.9813385009765625,1002.2005004882812,-2.7392022609710693,623,2618.1606364250183,105,1002.0067138671875,4.007133483886719,999,403.4270935058594,1002.572509765625,1001.9410400390625,556.4497680664062,7.749328136444092,988.6390991210938,1002.3031616210938,999,623,686.3350219726562,-2.722405433654785,8.126991271972656,999,234.45025634765625,1002.7151489257812,1693584757.7065494,-2.6940901279449463,lgp-long,mu+lambda-ga,reward-unhealthy_termination,ant,105,62300
624,8.103229522705078,1002.1819458007812,-2.621950149536133,624,2622.2704570293427,105,1002.1526489257812,3.986194133758545,999,10014.6630859375,1002.2408447265625,1001.9949340820312,-421.1240234375,7.837954998016357,978.843505859375,1002.2377319335938,999,624,680.7870483398438,-2.7564351558685303,7.945034980773926,999,265.94482421875,1002.3417358398438,1693584761.81637,-2.8351948261260986,lgp-long,mu+lambda-ga,reward-unhealthy_termination,ant,105,62400
625,8.204048156738281,1002.0844116210938,-2.8662264347076416,625,2626.3796141147614,105,1002.009033203125,4.016117572784424,999,449.1990966796875,1002.3349609375,1002.0462036132812,537.3165283203125,7.9875054359436035,977.8826904296875,1002.1422119140625,999,625,706.97265625,-2.853841781616211,8.094927787780762,999,192.95301818847656,1002.5531616210938,1693584765.925527,-3.032581090927124,lgp-long,mu+lambda-ga,reward-unhealthy_termination,ant,105,62500
626,7.786904335021973,1001.9273681640625,-2.103276252746582,626,2630.489643573761,105,1001.9249267578125,4.01614236831665,999,405.6151428222656,1001.9623413085938,1001.6571655273438,515.8161010742188,7.637237548828125,863.8343505859375,1001.8186645507812,999,626,575.0419921875,-2.8945343494415283,7.01382303237915,999,260.3133239746094,1002.2799682617188,1693584770.0355566,-2.7744534015655518,lgp-long,mu+lambda-ga,reward-unhealthy_termination,ant,105,62600
627,7.6858720779418945,1001.720703125,-3.2911202907562256,627,2634.598377466202,105,1002.215576171875,3.9974851608276367,999,10011.3876953125,1002.2415771484375,1002.09619140625,-475.2763977050781,7.741768836975098,869.6591186523438,1002.3178100585938,999,627,678.0274658203125,-2.5590085983276367,8.693034172058105,999,328.18707275390625,1002.342041015625,1693584774.1442904,-2.8784024715423584,lgp-long,mu+lambda-ga,reward-unhealthy_termination,ant,105,62700
628,7.948338508605957,1002.2802734375,-3.061722755432129,628,2638.7075798511505,105,1002.0548706054688,3.9801197052001953,999,360.3603515625,1002.5116577148438,1001.9853515625,578.2353515625,7.324451446533203,927.5750732421875,1002.2525634765625,999,628,625.945556640625,-2.2477052211761475,8.398898124694824,999,335.7060852050781,1002.5253295898438,1693584778.2534928,-2.581609010696411,lgp-long,mu+lambda-ga,reward-unhealthy_termination,ant,105,62800
629,7.702655792236328,1001.8883666992188,-2.839221954345703,629,2642.8161590099335,105,1002.16796875,3.9843406677246094,999,431.3865661621094,1002.3013305664062,1001.8473510742188,513.3114013671875,7.653480052947998,887.6875,1002.1637573242188,999,629,583.5870971679688,-2.719273805618286,8.089299201965332,999,257.3966369628906,1002.3521118164062,1693584782.362072,-2.7286038398742676,lgp-long,mu+lambda-ga,reward-unhealthy_termination,ant,105,62900
630,7.372809886932373,1001.9019775390625,-2.7621116638183594,630,2646.9267404079437,105,1001.8150634765625,3.9778547286987305,999,327.4504089355469,1001.9263916015625,1001.4630126953125,685.2440185546875,7.68628454208374,991.51708984375,1002.3308715820312,999,630,732.8699951171875,-3.1394824981689453,8.178023338317871,999,494.4606018066406,1002.5733032226562,1693584786.4726534,-2.384408712387085,lgp-long,mu+lambda-ga,reward-unhealthy_termination,ant,105,63000
631,8.203665733337402,1002.3178100585938,-3.189966917037964,631,2651.037357568741,105,1002.3153686523438,3.984142780303955,999,342.72625732421875,1002.3603515625,1001.9555053710938,657.1526489257812,7.445502758026123,974.7670288085938,1002.5474853515625,999,631,713.650146484375,-2.402783155441284,8.821232795715332,999,489.2530212402344,1002.7892456054688,1693584790.5832705,-2.799428939819336,lgp-long,mu+lambda-ga,reward-unhealthy_termination,ant,105,63100
632,8.551589012145996,1002.1956176757812,-3.1054866313934326,632,2655.1437261104584,105,1002.1996459960938,3.97812819480896,999,348.0361633300781,1002.2308959960938,1002.4743041992188,616.8671875,8.479107856750488,894.6728515625,1002.22265625,999,632,707.5090942382812,-2.9215571880340576,8.412894248962402,999,378.2745361328125,1002.7394409179688,1693584794.689639,-3.2731399536132812,lgp-long,mu+lambda-ga,reward-unhealthy_termination,ant,105,63200
633,8.306111335754395,1002.4812622070312,-2.767768621444702,633,2659.25253367424,105,1002.3836059570312,3.98456072807312,999,390.25189208984375,1002.4569702148438,1001.9189453125,591.8964233398438,7.910472393035889,956.1681518554688,1002.4247436523438,999,633,664.8497924804688,-2.907242774963379,8.27856731414795,999,444.9098205566406,1002.5713500976562,1693584798.7984467,-2.738154888153076,lgp-long,mu+lambda-ga,reward-unhealthy_termination,ant,105,63300
634,8.47701644897461,1002.2263793945312,-3.1529130935668945,634,2663.3643605709076,105,1002.3065185546875,3.983889102935791,999,10014.646484375,1002.3712768554688,1002.2072143554688,-425.5009765625,8.412138938903809,921.9977416992188,1002.4327392578125,999,634,625.777587890625,-3.121751308441162,8.67093276977539,999,387.98370361328125,1002.6005249023438,1693584802.9102736,-3.1662747859954834,lgp-long,mu+lambda-ga,reward-unhealthy_termination,ant,105,63400
635,8.062629699707031,1001.8994140625,-2.9558894634246826,635,2667.4739170074463,105,1002.4762573242188,3.9874308109283447,999,308.6380310058594,1002.483642578125,1002.2003173828125,691.598876953125,8.298786163330078,994.928466796875,1002.5076293945312,999,635,753.6674194335938,-3.012357473373413,8.5458984375,999,497.9324035644531,1002.5989990234375,1693584807.01983,-3.079017162322998,lgp-long,mu+lambda-ga,reward-unhealthy_termination,ant,105,63500
636,7.926999092102051,1002.2239379882812,-2.9301726818084717,636,2671.5844893455505,105,1002.4573364257812,3.98781156539917,999,10015.87890625,1002.5123291015625,1002.1091918945312,-410.6154479980469,7.9184393882751465,933.3245239257812,1002.2015991210938,999,636,707.6917114257812,-2.7165849208831787,8.216015815734863,999,284.9619140625,1003.0051879882812,1693584811.1304023,-2.6172523498535156,lgp-long,mu+lambda-ga,reward-unhealthy_termination,ant,105,63600
637,8.038055419921875,1002.1689453125,-3.2472851276397705,637,2675.7055752277374,105,1002.296630859375,3.986151933670044,999,350.58746337890625,1002.6924438476562,1002.07568359375,689.9246826171875,7.630014896392822,990.9301147460938,1002.8076171875,999,637,756.0447998046875,-2.466818332672119,9.137354850769043,999,535.9232788085938,1003.1594848632812,1693584815.2514882,-2.7835533618927,lgp-long,mu+lambda-ga,reward-unhealthy_termination,ant,105,63700
638,8.126533508300781,1002.37890625,-2.9021897315979004,638,2679.8080439567566,105,1002.3968505859375,3.969402313232422,999,10016.5205078125,1002.4660034179688,1002.1439819335938,-404.7678527832031,7.959393501281738,991.2490234375,1002.8119506835938,999,638,635.5919189453125,-2.727322816848755,8.795852661132812,999,334.3695983886719,1002.6921997070312,1693584819.353957,-2.6614060401916504,lgp-long,mu+lambda-ga,reward-unhealthy_termination,ant,105,63800
639,8.371481895446777,1002.41796875,-2.7175657749176025,639,2683.9129633903503,105,1002.2510986328125,3.9668755531311035,999,312.3572998046875,1002.5259399414062,1001.82763671875,704.8405151367188,7.968467712402344,997.5726318359375,1001.9306030273438,999,639,780.636474609375,-3.0574393272399902,7.732049465179443,999,509.827880859375,1002.644287109375,1693584823.4588764,-2.8680410385131836,lgp-long,mu+lambda-ga,reward-unhealthy_termination,ant,105,63900
640,7.849035739898682,1002.091796875,-3.1491010189056396,640,2688.019330263138,105,1002.2197875976562,3.9670984745025635,999,10021.103515625,1002.4415893554688,1001.9265747070312,-360.5746154785156,7.569777011871338,955.8858642578125,1001.8029174804688,999,640,709.6228637695312,-2.556269407272339,8.036421775817871,999,483.3275146484375,1002.4700927734375,1693584827.5652432,-2.669853925704956,lgp-long,mu+lambda-ga,reward-unhealthy_termination,ant,105,64000
641,8.387900352478027,1002.2224731445312,-2.8251121044158936,641,2692.115627527237,105,1002.5859375,3.9684154987335205,999,349.9980773925781,1002.58642578125,1002.3117065429688,638.1883544921875,8.514800071716309,983.734375,1002.7041015625,999,641,708.2052001953125,-3.1218466758728027,8.612500190734863,999,443.31781005859375,1002.7191772460938,1693584831.6615405,-3.082153081893921,lgp-long,mu+lambda-ga,reward-unhealthy_termination,ant,105,64100
642,8.858585357666016,1002.4789428710938,-3.01969313621521,642,2696.224811553955,105,1002.3933715820312,3.978790044784546,999,340.67840576171875,1002.3978271484375,1002.3721923828125,569.503662109375,8.74458122253418,875.5120849609375,1002.9947509765625,999,642,591.638916015625,-3.290818452835083,9.099665641784668,999,367.3889465332031,1003.1361083984375,1693584835.7707245,-3.2955853939056396,lgp-long,mu+lambda-ga,reward-unhealthy_termination,ant,105,64200
643,7.923890113830566,1002.0242309570312,-2.9061660766601562,643,2700.3310554027557,105,1002.566162109375,4.000983715057373,999,10011.1171875,1002.5908813476562,1002.2501831054688,-458.0030822753906,8.48180866241455,872.508544921875,1002.2556762695312,999,643,586.7659301757812,-3.14941668510437,8.24621868133545,999,297.8402099609375,1002.8321533203125,1693584839.8769684,-2.812593460083008,lgp-long,mu+lambda-ga,reward-unhealthy_termination,ant,105,64300
644,8.34687328338623,1002.1572265625,-3.0420517921447754,644,2704.4390065670013,105,1002.6387329101562,3.97190523147583,999,332.26812744140625,1002.6482543945312,1002.2699584960938,675.9702758789062,8.55052661895752,989.362548828125,1002.9015502929688,999,644,761.53759765625,-3.19539213180542,9.025397300720215,999,476.8803405761719,1002.7864990234375,1693584843.9849195,-3.106961727142334,lgp-long,mu+lambda-ga,reward-unhealthy_termination,ant,105,64400
645,7.904393196105957,1002.0235595703125,-3.075143814086914,645,2708.5471982955933,105,1002.7251586914062,3.9684953689575195,999,368.4289245605469,1002.7645263671875,1002.6464233398438,611.9512329101562,8.793585777282715,985.234130859375,1002.564453125,999,645,701.6597900390625,-3.063066244125366,8.72288990020752,999,414.677978515625,1002.9490966796875,1693584848.0931113,-2.7951831817626953,lgp-long,mu+lambda-ga,reward-unhealthy_termination,ant,105,64500
646,8.444755554199219,1002.3318481445312,-2.7687695026397705,646,2712.6519351005554,105,1002.2374267578125,4.0026445388793945,999,10015.9072265625,1002.6157836914062,1001.8333129882812,-417.4638671875,8.069962501525879,930.572509765625,1002.5997924804688,999,646,675.1282958984375,-3.154139280319214,8.451040267944336,999,338.45025634765625,1002.7145385742188,1693584852.197848,-3.029036045074463,lgp-long,mu+lambda-ga,reward-unhealthy_termination,ant,105,64600
647,8.563246726989746,1002.5094604492188,-3.1871299743652344,647,2716.76118683815,105,1002.7089233398438,4.002453804016113,999,337.6548767089844,1002.8212280273438,1001.9395751953125,653.4860229492188,7.6873345375061035,948.4803466796875,1002.6559448242188,999,647,721.1082763671875,-2.663463830947876,8.925920486450195,999,452.1920166015625,1002.8594970703125,1693584856.3070998,-2.970358371734619,lgp-long,mu+lambda-ga,reward-unhealthy_termination,ant,105,64700
648,8.642486572265625,1002.6334838867188,-3.1588780879974365,648,2720.8688583374023,105,1002.5715942382812,4.002673625946045,999,290.4150390625,1002.8658447265625,1002.24462890625,663.5650024414062,7.963601112365723,990.1207275390625,1002.7665405273438,999,648,684.3480224609375,-2.6335835456848145,9.00777816772461,999,476.53350830078125,1002.898193359375,1693584860.4147713,-2.925471067428589,lgp-long,mu+lambda-ga,reward-unhealthy_termination,ant,105,64800
649,8.641091346740723,1002.3712768554688,-3.047860860824585,649,2724.978855371475,105,1002.4807739257812,4.007485389709473,999,10015.7265625,1002.4942016601562,1002.07666015625,-414.69451904296875,8.108643531799316,962.6231079101562,1002.4757080078125,999,649,683.1456909179688,-2.948638677597046,8.607656478881836,999,284.4443664550781,1002.8053588867188,1693584864.5247684,-3.1860666275024414,lgp-long,mu+lambda-ga,reward-unhealthy_termination,ant,105,64900
650,8.688944816589355,1002.5473022460938,-3.0259692668914795,650,2729.0871453285217,105,1002.5796508789062,4.007175445556641,999,332.6708679199219,1002.7238159179688,1002.0379028320312,639.3138427734375,7.951749324798584,994.134765625,1001.8290405273438,999,650,698.0673217773438,-2.8313679695129395,7.939899444580078,999,442.3711242675781,1002.74169921875,1693584868.6330583,-3.0565035343170166,lgp-long,mu+lambda-ga,reward-unhealthy_termination,ant,105,65000
651,8.147448539733887,1001.9234619140625,-3.0992305278778076,651,2733.197911977768,105,1002.2891235351562,4.021168231964111,999,357.3387145996094,1002.649658203125,1001.8529663085938,619.8355102539062,7.936683177947998,937.61572265625,1002.3523559570312,999,651,702.9093017578125,-3.0006537437438965,8.534234046936035,999,446.60809326171875,1002.65625,1693584872.743825,-3.139695167541504,lgp-long,mu+lambda-ga,reward-unhealthy_termination,ant,105,65100
652,8.29798412322998,1002.39404296875,-3.176501989364624,652,2737.3062057495117,105,1002.6177368164062,4.014610290527344,999,344.1846618652344,1002.7224731445312,1002.5358276367188,613.2293090820312,8.21962833404541,882.03076171875,1002.5718994140625,999,652,707.319580078125,-2.5998387336730957,8.834090232849121,999,444.2434387207031,1002.825439453125,1693584876.8521187,-2.818444013595581,lgp-long,mu+lambda-ga,reward-unhealthy_termination,ant,105,65200
653,8.431699752807617,1002.2455444335938,-3.0776405334472656,653,2741.41512298584,105,1002.6131591796875,4.0112481117248535,999,357.1560363769531,1002.626953125,1002.275390625,597.4600830078125,8.266963005065918,931.0399780273438,1002.5494995117188,999,653,615.5571899414062,-2.905244827270508,8.711162567138672,999,415.33917236328125,1002.74267578125,1693584880.961036,-3.1021127700805664,lgp-long,mu+lambda-ga,reward-unhealthy_termination,ant,105,65300
654,8.067625999450684,1002.0653686523438,-2.854595422744751,654,2745.525417327881,105,1002.3953857421875,4.013230323791504,999,352.6607666015625,1002.5113525390625,1001.8533325195312,603.9380493164062,8.368781089782715,924.0040283203125,1002.8543090820312,999,654,691.7244262695312,-3.4313392639160156,8.79291820526123,999,381.36920166015625,1002.967529296875,1693584885.0713303,-2.9174957275390625,lgp-long,mu+lambda-ga,reward-unhealthy_termination,ant,105,65400
655,8.402875900268555,1002.5426025390625,-2.9597220420837402,655,2749.6327679157257,105,1002.4634399414062,4.00968074798584,999,374.0462951660156,1002.6534423828125,1002.3951416015625,610.3544921875,8.817815780639648,939.9892578125,1002.8211059570312,999,655,702.3314208984375,-3.3399593830108643,8.866098403930664,999,439.0751037597656,1002.8419189453125,1693584889.178681,-2.7771029472351074,lgp-long,mu+lambda-ga,reward-unhealthy_termination,ant,105,65500
656,8.68928050994873,1002.6979370117188,-3.0832314491271973,656,2753.7445142269135,105,1002.5763549804688,4.012351036071777,999,300.7408447265625,1002.77197265625,1002.2265625,661.509765625,8.360289573669434,921.45166015625,1002.72119140625,999,656,704.1319580078125,-3.051314115524292,8.88718318939209,999,491.25848388671875,1002.8306274414062,1693584893.2904272,-2.905313014984131,lgp-long,mu+lambda-ga,reward-unhealthy_termination,ant,105,65600
657,8.593937873840332,1002.3914184570312,-2.8860576152801514,657,2757.852122783661,105,1002.6371459960938,4.000208854675293,999,335.11907958984375,1002.6395263671875,1002.2183837890625,630.2645263671875,8.328601837158203,910.5108642578125,1002.3768920898438,999,657,709.87548828125,-3.025512456893921,8.348531723022461,999,387.0386962890625,1002.7217407226562,1693584897.3980358,-3.1200063228607178,lgp-long,mu+lambda-ga,reward-unhealthy_termination,ant,105,65700
658,8.988532066345215,1002.66162109375,-2.9049229621887207,658,2761.9627985954285,105,1002.5592041015625,4.021113872528076,999,353.2915344238281,1002.7337646484375,1002.1964721679688,627.2897338867188,8.345464706420898,975.1432495117188,1002.57861328125,999,658,693.29736328125,-3.0661118030548096,8.567108154296875,999,422.5770263671875,1002.9002685546875,1693584901.5087116,-3.2437801361083984,lgp-long,mu+lambda-ga,reward-unhealthy_termination,ant,105,65800
659,8.288890838623047,1002.0845947265625,-3.3503150939941406,659,2766.07203912735,105,1002.5394287109375,3.989427089691162,999,10022.6796875,1002.7388305664062,1002.5526733398438,-326.70867919921875,8.787121772766113,981.2005615234375,1002.9737548828125,999,659,706.1080322265625,-3.150043249130249,9.407442092895508,999,541.4362182617188,1002.7747802734375,1693584905.617952,-3.1216251850128174,lgp-long,mu+lambda-ga,reward-unhealthy_termination,ant,105,65900
660,8.613447189331055,1002.4599609375,-2.9986894130706787,660,2770.1801178455353,105,1002.6045532226562,3.978081226348877,999,283.90313720703125,1002.7216186523438,1002.3417358398438,669.0556030273438,8.287633895874023,895.465087890625,1002.1061401367188,999,660,707.9869384765625,-2.86169695854187,8.187457084655762,999,460.4241027832031,1002.8027954101562,1693584909.7260308,-3.0694477558135986,lgp-long,mu+lambda-ga,reward-unhealthy_termination,ant,105,66000
661,8.38286018371582,1002.0154418945312,-3.046710968017578,661,2774.2886443138123,105,1002.5156860351562,4.007054805755615,999,348.2003173828125,1002.7161865234375,1002.3984375,595.0358276367188,8.427630424499512,893.9268798828125,1002.3125,999,661,609.2042236328125,-2.9446053504943848,8.44301986694336,999,415.4086608886719,1002.7296752929688,1693584913.8345573,-3.2836830615997314,lgp-long,mu+lambda-ga,reward-unhealthy_termination,ant,105,66100
662,8.116525650024414,1002.0363159179688,-2.8680384159088135,662,2778.3968937397003,105,1002.5,4.006269931793213,999,10016.05859375,1002.5636596679688,1002.23681640625,-397.9845886230469,8.47998332977295,877.6320190429688,1002.8695678710938,999,662,696.4302978515625,-3.160020112991333,8.822333335876465,999,399.3479309082031,1002.98046875,1693584917.9428067,-2.9956109523773193,lgp-long,mu+lambda-ga,reward-unhealthy_termination,ant,105,66200
663,8.539616584777832,1002.4342041015625,-2.913438558578491,663,2782.5045824050903,105,1002.5399169921875,4.005879878997803,999,359.85003662109375,1002.5657958984375,1001.7811889648438,607.4332885742188,7.90216588973999,985.3260498046875,1002.5790405273438,999,663,590.9481201171875,-3.036864995956421,8.577605247497559,999,423.4100646972656,1002.7056884765625,1693584922.0504954,-3.0208704471588135,lgp-long,mu+lambda-ga,reward-unhealthy_termination,ant,105,66300
664,8.399649620056152,1002.5512084960938,-3.082094669342041,664,2786.6126017570496,105,1002.604736328125,4.007112503051758,999,339.7850341796875,1002.7008666992188,1001.9646606445312,603.6954345703125,8.370686531066895,946.2850341796875,1002.2053833007812,999,664,599.2075805664062,-3.322340488433838,8.372312545776367,999,342.24273681640625,1002.743896484375,1693584926.1585147,-2.764652967453003,lgp-long,mu+lambda-ga,reward-unhealthy_termination,ant,105,66400
665,9.108283996582031,1002.6522827148438,-2.787714719772339,665,2790.7246265411377,105,1002.6915283203125,4.00502347946167,999,329.8435974121094,1002.8026123046875,1002.3541259765625,632.6542358398438,8.72761058807373,947.5278930664062,1002.7376098632812,999,665,691.8946533203125,-3.289672613143921,8.609107971191406,999,417.53863525390625,1003.005859375,1693584930.2705395,-3.3726048469543457,lgp-long,mu+lambda-ga,reward-unhealthy_termination,ant,105,66500
666,7.988475799560547,1002.0838012695312,-3.1772234439849854,666,2794.8345811367035,105,1002.5906372070312,3.9968373775482178,999,351.3568115234375,1002.6063842773438,1002.3507690429688,595.3370361328125,8.23702335357666,923.438232421875,1002.3848876953125,999,666,623.9130859375,-2.7999114990234375,8.643842697143555,999,397.3720397949219,1002.6482543945312,1693584934.380494,-2.8190557956695557,lgp-long,mu+lambda-ga,reward-unhealthy_termination,ant,105,66600
667,9.00292682647705,1002.6380004882812,-2.7670586109161377,667,2798.9444029331207,105,1002.5961303710938,3.987426996231079,999,329.2467956542969,1002.6597290039062,1002.70849609375,616.6832275390625,8.645293235778809,892.4089965820312,1002.0057983398438,999,667,693.0782470703125,-2.851720094680786,7.856266975402832,999,415.2550354003906,1002.6981811523438,1693584938.490316,-3.2807328701019287,lgp-long,mu+lambda-ga,reward-unhealthy_termination,ant,105,66700
668,8.684693336486816,1002.5121459960938,-3.2877376079559326,668,2803.0545246601105,105,1002.6613159179688,3.9859368801116943,999,371.5204772949219,1002.8450317382812,1002.1683959960938,595.076171875,8.367514610290527,928.8148803710938,1002.2058715820312,999,668,706.0177612304688,-3.114443063735962,8.578376770019531,999,336.4010314941406,1002.9223022460938,1693584942.6004376,-3.087728261947632,lgp-long,mu+lambda-ga,reward-unhealthy_termination,ant,105,66800
669,8.8699369430542,1002.6853637695312,-2.931551456451416,669,2807.1617271900177,105,1002.656005859375,3.9814674854278564,999,10013.9609375,1002.7333984375,1002.31640625,-430.7342834472656,8.202322959899902,911.7437744140625,1002.7542114257812,999,669,666.3193969726562,-2.802931308746338,8.770723342895508,999,329.7760009765625,1002.8458862304688,1693584946.7076402,-3.1014928817749023,lgp-long,mu+lambda-ga,reward-unhealthy_termination,ant,105,66900
670,8.426277160644531,1002.5696411132812,-3.023606300354004,670,2811.269894361496,105,1002.5576782226562,3.98473858833313,999,335.02081298828125,1002.76318359375,1002.3251953125,603.994384765625,8.559338569641113,961.76904296875,1002.4522705078125,999,670,658.6826171875,-3.1514410972595215,8.558303833007812,999,351.4667663574219,1002.901611328125,1693584950.8158073,-2.770700693130493,lgp-long,mu+lambda-ga,reward-unhealthy_termination,ant,105,67000
671,8.764385223388672,1002.6788940429688,-2.9364173412323,671,2815.37895154953,105,1002.7070922851562,3.993682861328125,999,379.4805908203125,1002.9330444335938,1002.5947265625,520.9700927734375,8.626128196716309,767.1861572265625,1002.5910034179688,999,671,548.6434326171875,-2.946662664413452,8.611860275268555,999,324.82568359375,1002.9388427734375,1693584954.9248645,-3.0013632774353027,lgp-long,mu+lambda-ga,reward-unhealthy_termination,ant,105,67100
672,8.68397045135498,1002.5402221679688,-2.9435300827026367,672,2819.4858815670013,105,1002.8705444335938,4.010873794555664,999,353.3550109863281,1002.9120483398438,1002.5809936523438,605.8219604492188,8.872438430786133,968.8181762695312,1002.8347778320312,999,672,693.389404296875,-3.208683729171753,8.861784934997559,999,387.8756103515625,1003.006103515625,1693584959.0317945,-3.0607099533081055,lgp-long,mu+lambda-ga,reward-unhealthy_termination,ant,105,67200
673,8.061850547790527,1002.0093994140625,-3.1288812160491943,673,2823.596664905548,105,1002.710205078125,4.011774063110352,999,344.9767761230469,1002.9146118164062,1001.9927978515625,640.897705078125,8.202150344848633,962.6029663085938,1002.62841796875,999,673,704.36181640625,-3.1253297328948975,8.840677261352539,999,421.0082092285156,1002.940673828125,1693584963.142578,-2.966417074203491,lgp-long,mu+lambda-ga,reward-unhealthy_termination,ant,105,67300
674,8.949599266052246,1002.6348876953125,-2.931861639022827,674,2827.7067320346832,105,1002.6072998046875,4.010173320770264,999,369.5826721191406,1002.841064453125,1002.33056640625,644.6263427734375,8.479166984558105,980.566162109375,1002.6622924804688,999,674,709.0162353515625,-3.0651512145996094,8.679126739501953,999,501.05615234375,1002.977783203125,1693584967.252645,-3.2329118251800537,lgp-long,mu+lambda-ga,reward-unhealthy_termination,ant,105,67400
675,8.038677215576172,1001.9444580078125,-2.999243974685669,675,2831.8194687366486,105,1002.385009765625,4.011781692504883,999,360.5467529296875,1002.3977661132812,1001.7758178710938,598.6812133789062,8.189103126525879,888.24951171875,1002.7992553710938,999,675,683.257080078125,-3.3272500038146973,8.881596565246582,999,409.32476806640625,1002.8456420898438,1693584971.3653817,-3.0135586261749268,lgp-long,mu+lambda-ga,reward-unhealthy_termination,ant,105,67500
676,8.597211837768555,1002.4285278320312,-2.7197105884552,676,2835.9307930469513,105,1002.7334594726562,4.014597415924072,999,301.032470703125,1002.8276977539062,1002.6272583007812,661.0614013671875,8.953289985656738,951.2284545898438,1002.5805053710938,999,676,701.9354248046875,-3.244410276412964,8.385282516479492,999,481.05413818359375,1002.9398803710938,1693584975.476706,-3.0855281352996826,lgp-long,mu+lambda-ga,reward-unhealthy_termination,ant,105,67600
677,8.696874618530273,1002.3600463867188,-3.0731680393218994,677,2840.04549741745,105,1002.5297241210938,3.9976022243499756,999,281.5385437011719,1002.5908203125,1002.0971069335938,667.6866455078125,8.294707298278809,941.0357666015625,1002.6632690429688,999,677,701.3434448242188,-3.113215923309326,8.820965766906738,999,452.4739685058594,1002.75439453125,1693584979.5914104,-3.2535464763641357,lgp-long,mu+lambda-ga,reward-unhealthy_termination,ant,105,67700
678,9.005291938781738,1002.7044067382812,-2.83272647857666,678,2844.1555075645447,105,1002.560791015625,3.985534429550171,999,259.1099548339844,1002.7100219726562,1001.9044189453125,702.4217529296875,8.20982551574707,980.2390747070312,1002.4071655273438,999,678,706.4796142578125,-3.222398519515991,8.32347297668457,999,536.8397827148438,1002.8546142578125,1693584983.7014205,-3.216341733932495,lgp-long,mu+lambda-ga,reward-unhealthy_termination,ant,105,67800
679,8.664642333984375,1002.5149536132812,-3.0508880615234375,679,2848.26721739769,105,1002.6090087890625,4.018301963806152,999,316.7222595214844,1002.6520385742188,1002.3829956054688,666.4876708984375,8.489938735961914,991.2034301757812,1002.6017456054688,999,679,707.001220703125,-3.021383047103882,8.736861228942871,999,496.22698974609375,1002.7384643554688,1693584987.8131304,-3.0661308765411377,lgp-long,mu+lambda-ga,reward-unhealthy_termination,ant,105,67900
680,8.892367362976074,1002.7025756835938,-2.939816951751709,680,2852.3801369667053,105,1002.6248779296875,4.013411998748779,999,372.66400146484375,1002.7244873046875,1002.36474609375,609.4386596679688,8.426546096801758,980.3467407226562,1002.6316528320312,999,680,686.7437744140625,-2.9782352447509766,8.654507637023926,999,417.3219909667969,1002.8020629882812,1693584991.92605,-3.108159303665161,lgp-long,mu+lambda-ga,reward-unhealthy_termination,ant,105,68000
681,8.498015403747559,1002.5975952148438,-2.8879194259643555,681,2856.491242170334,105,1002.4806518554688,4.014213562011719,999,301.3755798339844,1002.6119384765625,1002.6007690429688,641.4384765625,8.742223739624023,904.7843017578125,1002.4651489257812,999,681,691.9493408203125,-3.0599076747894287,8.438253402709961,999,492.94561767578125,1002.8213500976562,1693584996.0371552,-2.8159725666046143,lgp-long,mu+lambda-ga,reward-unhealthy_termination,ant,105,68100
682,8.331214904785156,1002.4514770507812,-3.068016529083252,682,2860.6325447559357,105,1002.5709838867188,4.012561798095703,999,326.41845703125,1002.6886596679688,1002.0927124023438,656.4495239257812,8.29253101348877,903.583984375,1002.2154541015625,999,682,708.567626953125,-3.114366054534912,8.367571830749512,999,453.3436279296875,1002.93408203125,1693585000.1784577,-2.796293020248413,lgp-long,mu+lambda-ga,reward-unhealthy_termination,ant,105,68200
683,8.817252159118652,1002.7115478515625,-3.0540518760681152,683,2864.7138788700104,105,1002.3924560546875,3.978476047515869,999,334.9570007324219,1002.6279296875,1001.8817749023438,623.0443725585938,8.135896682739258,972.4160766601562,1002.77392578125,999,683,663.455322265625,-3.170485019683838,8.913603782653809,999,417.56884765625,1003.1713256835938,1693585004.2597919,-3.0211551189422607,lgp-long,mu+lambda-ga,reward-unhealthy_termination,ant,105,68300
684,8.130858421325684,1002.2540893554688,-3.006498098373413,684,2868.8209960460663,105,1002.3838500976562,3.977602005004883,999,361.6249694824219,1002.7379150390625,1001.5946655273438,617.9605102539062,7.862025737762451,981.2787475585938,1001.88525390625,999,684,668.5308227539062,-3.181849718093872,7.975425720214844,999,419.39599609375,1002.7725219726562,1693585008.366909,-2.7923409938812256,lgp-long,mu+lambda-ga,reward-unhealthy_termination,ant,105,68400
685,8.049309730529785,1002.2109375,-2.9508721828460693,685,2872.929587841034,105,1002.259765625,3.9775474071502686,999,10022.048828125,1002.3530883789062,1002.2047729492188,-344.34332275390625,7.989441871643066,990.208251953125,1002.5263061523438,999,685,731.802734375,-2.699636220932007,8.561653137207031,999,479.1492614746094,1002.87548828125,1693585012.4755008,-2.753284215927124,lgp-long,mu+lambda-ga,reward-unhealthy_termination,ant,105,68500
686,8.175409317016602,1002.0631713867188,-3.0223448276519775,686,2877.0386798381805,105,1002.3883056640625,3.9766194820404053,999,339.6711730957031,1002.5062255859375,1002.4848022460938,683.931640625,8.808188438415527,993.5303955078125,1002.6529541015625,999,686,714.334228515625,-3.239827871322632,8.759468078613281,999,575.9274291992188,1002.9325561523438,1693585016.5845928,-3.0282087326049805,lgp-long,mu+lambda-ga,reward-unhealthy_termination,ant,105,68600
687,8.91894817352295,1002.8673706054688,-2.9431347846984863,687,2881.1448600292206,105,1002.7361450195312,3.9756693840026855,999,354.0574951171875,1002.9765014648438,1002.1222534179688,660.05859375,8.160408020019531,988.4716796875,1003.0435791015625,999,687,709.9254150390625,-2.953932523727417,9.070599555969238,999,518.430419921875,1003.03076171875,1693585020.690773,-2.967376232147217,lgp-long,mu+lambda-ga,reward-unhealthy_termination,ant,105,68700
688,9.053586959838867,1002.7677612304688,-2.8093857765197754,688,2885.2547912597656,105,1002.7108154296875,3.97829008102417,999,10025.7421875,1002.719970703125,1002.5826416015625,-289.299560546875,8.599080085754395,988.695068359375,1002.4257202148438,999,688,804.71533203125,-2.9316558837890625,8.319964408874512,999,500.69366455078125,1002.73681640625,1693585024.8007042,-3.203580617904663,lgp-long,mu+lambda-ga,reward-unhealthy_termination,ant,105,68800
689,8.615487098693848,1002.3292236328125,-3.2632699012756348,689,2889.361282348633,105,1002.6915893554688,3.9758403301239014,999,373.9115905761719,1002.7114868164062,1002.43212890625,590.6033325195312,8.505020141601562,894.27880859375,1002.2457885742188,999,689,701.87548828125,-2.989422559738159,8.591795921325684,999,398.51885986328125,1002.9564819335938,1693585028.9071953,-3.2020797729492188,lgp-long,mu+lambda-ga,reward-unhealthy_termination,ant,105,68900
690,8.422259330749512,1002.5006713867188,-3.109149217605591,690,2893.4701611995697,105,1002.433837890625,3.975799560546875,999,379.1391296386719,1002.6954345703125,1002.06103515625,567.3519287109375,8.321383476257324,898.1334838867188,1002.0387573242188,999,690,640.253173828125,-3.176579475402832,8.232062339782715,999,335.7744445800781,1002.7085571289062,1693585033.0160742,-2.837749481201172,lgp-long,mu+lambda-ga,reward-unhealthy_termination,ant,105,69000
691,8.440690994262695,1002.3728637695312,-2.703249454498291,691,2897.5764298439026,105,1002.6714477539062,3.9770851135253906,999,341.4786682128906,1002.690673828125,1002.7001342773438,620.3475952148438,8.86892318725586,927.785400390625,1002.4306640625,999,691,698.83544921875,-3.0851075649261475,8.218320846557617,999,392.4751281738281,1002.9527587890625,1693585037.1223428,-2.98549485206604,lgp-long,mu+lambda-ga,reward-unhealthy_termination,ant,105,69100
692,8.579736709594727,1002.5810546875,-3.1214540004730225,692,2901.685785293579,105,1002.6415405273438,3.976177930831909,999,10019.4736328125,1002.6923828125,1002.6049194335938,-350.3399963378906,8.834505081176758,974.79150390625,1002.6004028320312,999,692,706.61962890625,-3.147266387939453,8.806788444519043,999,424.74957275390625,1002.8858032226562,1693585041.2316983,-2.9146456718444824,lgp-long,mu+lambda-ga,reward-unhealthy_termination,ant,105,69200
693,8.76307201385498,1002.5771484375,-2.8052804470062256,693,2905.7916553020477,105,1002.5869140625,3.9805960655212402,999,14092.0400390625,1002.68798828125,1002.5172729492188,-1392.640625,8.588480949401855,953.1446533203125,1002.7883911132812,999,693,697.78564453125,-2.9888978004455566,8.679206848144531,999,378.4520263671875,1002.9009399414062,1693585045.3375683,-3.104118585586548,lgp-long,mu+lambda-ga,reward-unhealthy_termination,ant,105,69300
694,8.369331359863281,1002.0866088867188,-3.3211510181427,694,2909.9013454914093,105,1002.62744140625,3.9749271869659424,999,319.54296875,1002.7833862304688,1002.7490234375,676.7346801757812,9.373841285705566,980.6920166015625,1002.6339111328125,999,694,737.5186157226562,-3.5417816638946533,9.038433074951172,999,553.8546142578125,1002.8823852539062,1693585049.4472585,-3.1996002197265625,lgp-long,mu+lambda-ga,reward-unhealthy_termination,ant,105,69400
695,8.671700477600098,1002.52734375,-3.3151187896728516,695,2914.0075268745422,105,1002.6178588867188,3.9777941703796387,999,14088.1083984375,1002.6292114257812,1002.3554077148438,-1423.1787109375,8.5458345413208,978.6396484375,1001.84423828125,999,695,695.3099365234375,-3.106646776199341,8.243645668029785,999,234.8003692626953,1002.6640625,1693585053.5534399,-3.0611119270324707,lgp-long,mu+lambda-ga,reward-unhealthy_termination,ant,105,69500
696,9.0547513961792,1002.7630004882812,-3.0096235275268555,696,2918.116835832596,105,1002.5994873046875,3.9788973331451416,999,335.9695739746094,1002.6657104492188,1002.6015014648438,734.2240600585938,8.609766960144043,996.6919555664062,1002.5263671875,999,696,805.09326171875,-2.9248344898223877,8.621212005615234,999,591.5175170898438,1002.7260131835938,1693585057.6627488,-3.2091636657714844,lgp-long,mu+lambda-ga,reward-unhealthy_termination,ant,105,69600
697,8.942166328430176,1002.6759033203125,-2.704453706741333,697,2922.224373102188,105,1002.5007934570312,3.972717046737671,999,380.9885559082031,1002.5050048828125,1002.3821411132812,604.0043334960938,8.456258773803711,968.5235595703125,1002.451171875,999,697,703.8389892578125,-2.9902913570404053,8.240030288696289,999,405.4474792480469,1002.9703979492188,1693585061.770286,-3.1815202236175537,lgp-long,mu+lambda-ga,reward-unhealthy_termination,ant,105,69700
698,8.687580108642578,1002.3255004882812,-3.0901222229003906,698,2926.332946538925,105,1002.6575317382812,3.9734132289886475,999,312.058837890625,1002.865234375,1002.1802978515625,693.60498046875,8.110111236572266,989.4417114257812,1001.90283203125,999,698,730.0023193359375,-2.8458609580993652,8.0773344039917,999,502.2309875488281,1002.957763671875,1693585065.8788595,-3.27862548828125,lgp-long,mu+lambda-ga,reward-unhealthy_termination,ant,105,69800
699,8.945304870605469,1002.44921875,-3.097585678100586,699,2930.441512823105,105,1002.0415649414062,4.0420942306518555,999,400.4436950683594,1002.3209228515625,1001.9772338867188,620.6437377929688,7.9096808433532715,959.9285888671875,1002.4205322265625,999,699,719.5462646484375,-2.848011016845703,8.602648735046387,999,472.9986572265625,1002.6315307617188,1693585069.9874258,-3.4111740589141846,lgp-long,mu+lambda-ga,reward-unhealthy_termination,ant,105,69900
700,8.352469444274902,1002.5611572265625,-3.11515212059021,700,2934.5480790138245,105,1002.4528198242188,3.9749460220336914,999,280.6841735839844,1002.5648803710938,1002.2642822265625,676.90576171875,8.430989265441895,964.817138671875,1002.7351684570312,999,700,704.9365234375,-3.0810093879699707,8.935704231262207,999,442.77447509765625,1002.864013671875,1693585074.093992,-2.7070491313934326,lgp-long,mu+lambda-ga,reward-unhealthy_termination,ant,105,70000
701,8.705877304077148,1002.2146606445312,-3.080519437789917,701,2938.6572592258453,105,1002.3245239257812,3.975505828857422,999,351.91802978515625,1002.5856323242188,1001.93017578125,596.802001953125,7.839576721191406,934.6483154296875,1002.8624267578125,999,701,688.9876098632812,-2.823885679244995,9.025492668151855,999,339.9720153808594,1002.840576171875,1693585078.2031722,-3.408357620239258,lgp-long,mu+lambda-ga,reward-unhealthy_termination,ant,105,70100
702,7.967804908752441,1001.8478393554688,-2.740013360977173,702,2942.764181137085,105,1002.3435668945312,3.97695255279541,999,362.11273193359375,1002.4845581054688,1002.2201538085938,656.0327758789062,8.057905197143555,988.2944946289062,1002.6798095703125,999,702,727.006103515625,-2.754135847091675,8.503357887268066,999,462.92694091796875,1002.8265380859375,1693585082.310094,-3.0353989601135254,lgp-long,mu+lambda-ga,reward-unhealthy_termination,ant,105,70200
703,8.301541328430176,1002.1222534179688,-3.340447187423706,703,2946.8736758232117,105,1002.4934692382812,3.96936297416687,999,326.33502197265625,1002.84375,1002.2777709960938,722.802978515625,8.621991157531738,995.0506591796875,1002.4528198242188,999,703,836.6473388671875,-3.2621726989746094,8.87740707397461,999,589.4852905273438,1002.9212036132812,1693585086.4195888,-3.0949649810791016,lgp-long,mu+lambda-ga,reward-unhealthy_termination,ant,105,70300
704,8.961503028869629,1002.5685424804688,-3.1281871795654297,704,2950.9809947013855,105,1002.4302368164062,3.9756417274475098,999,355.3030700683594,1002.6023559570312,1002.3429565429688,664.7105102539062,8.22227954864502,990.06787109375,1001.9915161132812,999,704,712.441650390625,-2.7948148250579834,8.20324993133545,999,490.76995849609375,1002.7689208984375,1693585090.5269077,-3.3119027614593506,lgp-long,mu+lambda-ga,reward-unhealthy_termination,ant,105,70400
705,8.62094783782959,1002.40869140625,-2.9387378692626953,705,2955.0893833637238,105,1002.4078979492188,3.978168487548828,999,10021.8896484375,1002.6034545898438,1002.2966918945312,-323.7381591796875,8.425382614135742,967.2053833007812,1002.7579956054688,999,705,705.5421142578125,-3.0445468425750732,8.77992057800293,999,500.1453857421875,1002.8359985351562,1693585094.6352963,-3.128174304962158,lgp-long,mu+lambda-ga,reward-unhealthy_termination,ant,105,70500
706,8.466444969177246,1002.27197265625,-3.3176066875457764,706,2959.19810461998,105,1002.4537963867188,3.9747118949890137,999,386.7305908203125,1002.4924926757812,1002.2514038085938,538.369384765625,8.392581939697266,847.9004516601562,1002.5730590820312,999,706,592.23193359375,-3.0585968494415283,8.974485397338867,999,290.3457336425781,1003.001708984375,1693585098.7440176,-3.1109235286712646,lgp-long,mu+lambda-ga,reward-unhealthy_termination,ant,105,70600
707,8.845845222473145,1002.5198364257812,-2.9649689197540283,707,2963.3059799671173,105,1002.64794921875,3.9767141342163086,999,362.2749328613281,1002.6656494140625,1002.5016479492188,626.1177368164062,8.345791816711426,991.438720703125,1002.8035278320312,999,707,708.0003051757812,-2.7616047859191895,8.85143756866455,999,350.314208984375,1002.7896728515625,1693585102.851893,-3.2410290241241455,lgp-long,mu+lambda-ga,reward-unhealthy_termination,ant,105,70700
708,8.82796859741211,1002.3505859375,-2.985008955001831,708,2967.41441988945,105,1002.685302734375,3.9771218299865723,999,388.9324035644531,1002.6997680664062,1002.7706298828125,611.115478515625,8.607359886169434,985.9827880859375,1002.4666137695312,999,708,705.8251953125,-2.750519275665283,8.537753105163574,999,408.5629577636719,1002.7070922851562,1693585106.9603329,-3.395040273666382,lgp-long,mu+lambda-ga,reward-unhealthy_termination,ant,105,70800
709,8.925013542175293,1002.7261962890625,-2.95452618598938,709,2971.5232870578766,105,1002.7305908203125,3.978835105895996,999,447.1764831542969,1002.7958374023438,1002.6943359375,534.6528930664062,8.861980438232422,934.841796875,1002.8443603515625,999,709,658.1067504882812,-3.0836341381073,8.88046932220459,999,288.564453125,1003.008544921875,1693585111.0692,-3.114725351333618,lgp-long,mu+lambda-ga,reward-unhealthy_termination,ant,105,70900
710,8.147913932800293,1002.40869140625,-2.95265793800354,710,2975.6309492588043,105,1002.4952392578125,3.974968194961548,999,400.0129699707031,1002.7769775390625,1002.0533447265625,625.8469848632812,8.0663423538208,988.7205810546875,1002.38720703125,999,710,736.847412109375,-2.928262710571289,8.42457103729248,999,421.66412353515625,1002.8999633789062,1693585115.1768622,-2.6533219814300537,lgp-long,mu+lambda-ga,reward-unhealthy_termination,ant,105,71000
711,8.67412281036377,1002.4519653320312,-3.1959969997406006,711,2979.743099927902,105,1002.6810913085938,3.975349187850952,999,10020.0341796875,1002.8115234375,1002.4171142578125,-347.20068359375,8.388236999511719,919.7329711914062,1002.2144775390625,999,711,704.8878173828125,-2.887620210647583,8.493751525878906,999,442.3929443359375,1002.876953125,1693585119.289013,-3.1375274658203125,lgp-long,mu+lambda-ga,reward-unhealthy_termination,ant,105,71100
712,8.764596939086914,1002.4608764648438,-3.177035331726074,712,2983.8563945293427,105,1002.6636352539062,3.97662615776062,999,364.526123046875,1002.7308959960938,1002.5473022460938,737.1000366210938,8.609898567199707,997.6572875976562,1002.6531372070312,999,712,882.0576782226562,-2.9786570072174072,8.914283752441406,999,603.376708984375,1002.8146362304688,1693585123.4023075,-3.2207038402557373,lgp-long,mu+lambda-ga,reward-unhealthy_termination,ant,105,71200
713,8.40564250946045,1002.2857666015625,-3.4827351570129395,713,2987.9670674800873,105,1002.5410766601562,3.9832277297973633,999,322.5572814941406,1002.6456298828125,1002.494140625,683.7676391601562,8.84451961517334,992.6998291015625,1001.99072265625,999,713,767.7109985351562,-3.268077850341797,8.556716918945312,999,424.4629211425781,1002.6656494140625,1693585127.5129805,-3.03727650642395,lgp-long,mu+lambda-ga,reward-unhealthy_termination,ant,105,71300
714,7.960552215576172,1001.6469116210938,-2.8093864917755127,714,2992.0765681266785,105,1002.6131591796875,3.9648759365081787,999,320.6334533691406,1002.6289672851562,1002.3673706054688,658.7898559570312,8.51809024810791,973.7980346679688,1002.6925659179688,999,714,709.259765625,-3.0674171447753906,8.58737850189209,999,431.90679931640625,1002.9977416992188,1693585131.622481,-3.2287139892578125,lgp-long,mu+lambda-ga,reward-unhealthy_termination,ant,105,71400
715,7.888713836669922,1001.6615600585938,-2.92699933052063,715,2996.1867258548737,105,1002.502685546875,3.966141939163208,999,324.8388671875,1002.5560302734375,1002.10888671875,651.7420043945312,8.22537899017334,980.6159057617188,1002.6344604492188,999,715,710.4911499023438,-3.0321240425109863,8.646430969238281,999,420.061279296875,1002.6551513671875,1693585135.7326388,-3.143152952194214,lgp-long,mu+lambda-ga,reward-unhealthy_termination,ant,105,71500
716,8.113123893737793,1002.0593872070312,-3.034820556640625,716,3000.2933020591736,105,1002.4105834960938,3.9727635383605957,999,347.5517883300781,1002.4443359375,1002.443359375,620.9436645507812,8.704253196716309,912.5946044921875,1001.9000854492188,999,716,666.41064453125,-3.1784074306488037,8.019042015075684,999,419.9151611328125,1002.4927978515625,1693585139.839215,-2.969245195388794,lgp-long,mu+lambda-ga,reward-unhealthy_termination,ant,105,71600
717,8.177653312683105,1002.2080078125,-3.2320568561553955,717,3004.4019010066986,105,1002.4225463867188,3.977914810180664,999,344.3706359863281,1002.4527587890625,1002.04443359375,653.5819702148438,8.428702354431152,979.6346435546875,1002.7086181640625,999,717,709.6590576171875,-3.3004868030548096,9.023390769958496,999,410.29791259765625,1002.8223876953125,1693585143.947814,-2.884875535964966,lgp-long,mu+lambda-ga,reward-unhealthy_termination,ant,105,71700
718,8.404115676879883,1002.4332275390625,-3.4951977729797363,718,3008.51114320755,105,1002.7662963867188,3.9814577102661133,999,388.8946838378906,1002.7998046875,1002.0458374023438,597.1531982421875,8.103520393371582,992.2871704101562,1002.4989624023438,999,718,697.5228271484375,-2.9739925861358643,9.077559471130371,999,359.49658203125,1002.9362182617188,1693585148.0570562,-2.8887219429016113,lgp-long,mu+lambda-ga,reward-unhealthy_termination,ant,105,71800
719,8.017157554626465,1002.1602783203125,-2.9154632091522217,719,3012.6184396743774,105,1002.5751342773438,3.9818334579467773,999,351.2701110839844,1002.6093139648438,1002.3531494140625,704.8665771484375,8.797365188598633,993.6058959960938,1002.4169921875,999,719,847.6583251953125,-3.3591229915618896,8.417590141296387,999,517.7515258789062,1002.8489990234375,1693585152.1643527,-2.772355794906616,lgp-long,mu+lambda-ga,reward-unhealthy_termination,ant,105,71900
720,8.94902229309082,1002.6566772460938,-2.9224469661712646,720,3016.726710319519,105,1002.6250610351562,3.9791407585144043,999,335.2754821777344,1002.8016967773438,1002.22119140625,684.6861572265625,8.355700492858887,992.5570068359375,1002.6979370117188,999,720,709.4293212890625,-3.0507919788360596,8.703595161437988,999,498.4742736816406,1002.9371948242188,1693585156.2726233,-3.2085282802581787,lgp-long,mu+lambda-ga,reward-unhealthy_termination,ant,105,72000
721,8.716010093688965,1002.3781127929688,-3.07077956199646,721,3020.8339335918427,105,1002.3641357421875,3.9773948192596436,999,320.9337463378906,1002.6749267578125,1002.0899658203125,624.3116455078125,8.299845695495605,887.8319091796875,1002.8435668945312,999,721,677.1724243164062,-3.125666856765747,8.998124122619629,999,449.4318542480469,1003.0830688476562,1693585160.3798466,-3.2539565563201904,lgp-long,mu+lambda-ga,reward-unhealthy_termination,ant,105,72100
722,8.899937629699707,1002.6393432617188,-3.2039287090301514,722,3024.943423509598,105,1002.6221923828125,3.9796526432037354,999,382.77716064453125,1002.65234375,1002.2440795898438,650.564697265625,8.589888572692871,989.216796875,1002.6873168945312,999,722,730.16748046875,-3.2614078521728516,8.974541664123535,999,419.83514404296875,1002.8092651367188,1693585164.4893365,-3.178239583969116,lgp-long,mu+lambda-ga,reward-unhealthy_termination,ant,105,72200
723,8.726127624511719,1002.39990234375,-2.775665044784546,723,3029.049370765686,105,1002.3832397460938,3.976612091064453,999,392.05133056640625,1002.5227661132812,1002.3859252929688,602.8582153320312,8.58800220489502,954.4508056640625,1002.7179565429688,999,723,690.21435546875,-3.116029977798462,8.57934284210205,999,362.8122863769531,1002.7257690429688,1693585168.5952837,-3.244188070297241,lgp-long,mu+lambda-ga,reward-unhealthy_termination,ant,105,72300
724,8.568421363830566,1002.4706420898438,-3.2372214794158936,724,3033.1577219963074,105,1002.71875,3.972353458404541,999,401.709716796875,1002.8788452148438,1002.3859252929688,604.622802734375,8.375190734863281,989.1072387695312,1002.8165893554688,999,724,703.9599609375,-2.9054579734802246,9.136637687683105,999,363.96417236328125,1003.1442260742188,1693585172.703635,-3.0140445232391357,lgp-long,mu+lambda-ga,reward-unhealthy_termination,ant,105,72400
725,8.809892654418945,1002.7345581054688,-2.8387293815612793,725,3037.2663378715515,105,1002.4226684570312,3.9731557369232178,999,319.28753662109375,1002.8375244140625,1002.1066284179688,692.2455444335938,8.74425220489502,995.999267578125,1002.47412109375,999,725,761.8241577148438,-3.5556392669677734,8.396443367004395,999,438.06036376953125,1002.8977661132812,1693585176.8122509,-2.991699695587158,lgp-long,mu+lambda-ga,reward-unhealthy_termination,ant,105,72500
726,8.060147285461426,1001.9524536132812,-2.9185140132904053,726,3041.3746185302734,105,1002.3768920898438,3.976414918899536,999,358.53521728515625,1002.5169067382812,1002.28271484375,614.0902099609375,8.467413902282715,993.169189453125,1001.56103515625,999,726,705.2763671875,-3.102745294570923,7.564929485321045,999,393.5621643066406,1002.593017578125,1693585180.9205315,-3.024153470993042,lgp-long,mu+lambda-ga,reward-unhealthy_termination,ant,105,72600
727,7.9453654289245605,1001.5980834960938,-3.152268409729004,727,3045.4888677597046,105,1002.3961791992188,3.9812376499176025,999,341.4523010253906,1002.7794189453125,1002.5491333007812,645.4547119140625,8.652243614196777,986.6863403320312,1002.6564331054688,999,727,706.4044189453125,-3.020810604095459,8.893089294433594,999,418.89324951171875,1002.9818115234375,1693585185.0347807,-3.266261339187622,lgp-long,mu+lambda-ga,reward-unhealthy_termination,ant,105,72700
728,8.874467849731445,1002.8150634765625,-3.230825185775757,728,3049.597076892853,105,1002.5818481445312,3.9850621223449707,999,325.3346862792969,1002.7291870117188,1002.1849975585938,699.4618530273438,8.020808219909668,992.2357177734375,1002.4025268554688,999,728,748.80078125,-2.752074718475342,8.715147972106934,999,514.0982666015625,1002.8282470703125,1693585189.1429899,-2.9749269485473633,lgp-long,mu+lambda-ga,reward-unhealthy_termination,ant,105,72800
729,8.042059898376465,1002.1629028320312,-2.890385866165161,729,3053.7042202949524,105,1002.3102416992188,3.9829626083374023,999,353.2037658691406,1002.3721313476562,1002.4658203125,629.4314575195312,8.724004745483398,988.7330932617188,1002.1033325195312,999,729,702.5823974609375,-3.1747138500213623,8.077666282653809,999,433.420654296875,1002.3792114257812,1693585193.2501333,-2.793017864227295,lgp-long,mu+lambda-ga,reward-unhealthy_termination,ant,105,72900
730,8.558799743652344,1002.4761962890625,-3.200763702392578,730,3057.8132989406586,105,1002.225830078125,3.9830164909362793,999,327.2148742675781,1002.326904296875,1002.1259155273438,712.04443359375,8.111215591430664,993.1236572265625,1002.3596801757812,999,730,807.03369140625,-2.9006948471069336,8.644203186035156,999,562.1177368164062,1002.4365234375,1693585197.359212,-2.999483108520508,lgp-long,mu+lambda-ga,reward-unhealthy_termination,ant,105,73000
731,8.48031997680664,1002.3338012695312,-3.138673782348633,731,3061.920932531357,105,1002.3308715820312,3.9831326007843018,999,418.5087585449219,1002.4369506835938,1001.7142944335938,575.8394165039062,8.01591682434082,961.705078125,1002.5546264648438,999,731,694.5428466796875,-3.2172837257385254,8.776118278503418,999,369.1969909667969,1002.6975708007812,1693585201.4668455,-3.0619945526123047,lgp-long,mu+lambda-ga,reward-unhealthy_termination,ant,105,73100
732,8.398393630981445,1002.1036376953125,-2.9902184009552,732,3066.0298295021057,105,1002.510986328125,3.9810848236083984,999,315.7133483886719,1002.6036987304688,1002.7352905273438,727.472900390625,8.950980186462402,996.967529296875,1002.3621215820312,999,732,769.730712890625,-3.132631778717041,8.433794975280762,999,522.974365234375,1002.6607055664062,1693585205.5757425,-3.21113657951355,lgp-long,mu+lambda-ga,reward-unhealthy_termination,ant,105,73200
733,8.505924224853516,1002.4229736328125,-3.044081449508667,733,3070.13716506958,105,1002.4981079101562,3.9778573513031006,999,342.2771911621094,1002.58154296875,1002.1402587890625,655.5698852539062,7.8739519119262695,989.2855834960938,1002.01123046875,999,733,709.9090576171875,-2.6477749347686768,8.141950607299805,999,479.7156677246094,1002.62060546875,1693585209.683078,-2.9974000453948975,lgp-long,mu+lambda-ga,reward-unhealthy_termination,ant,105,73300
734,8.369537353515625,1002.2297973632812,-3.0900847911834717,734,3074.2454607486725,105,1002.5811157226562,3.979473829269409,999,10023.3896484375,1002.5894165039062,1002.3922119140625,-313.35272216796875,8.396710395812988,993.5571899414062,1002.3366088867188,999,734,709.2313842773438,-2.922637701034546,8.508553504943848,999,465.08245849609375,1002.9618530273438,1693585213.7913737,-3.0557565689086914,lgp-long,mu+lambda-ga,reward-unhealthy_termination,ant,105,73400
735,8.324248313903809,1002.4039306640625,-3.268220901489258,735,3078.3548769950867,105,1002.5806274414062,3.981666088104248,999,358.0576171875,1002.5979614257812,1002.1036987304688,708.87060546875,8.228744506835938,996.5712890625,1002.5856323242188,999,735,810.2015380859375,-3.041248321533203,8.93728256225586,999,501.51220703125,1002.7322998046875,1693585217.90079,-2.8363494873046875,lgp-long,mu+lambda-ga,reward-unhealthy_termination,ant,105,73500
736,8.157792091369629,1002.32470703125,-3.095567464828491,736,3082.46435713768,105,1002.5964965820312,3.98132061958313,999,10023.482421875,1002.6088256835938,1001.98095703125,-335.5705871582031,7.90700626373291,994.9007568359375,1002.5107421875,999,736,774.2535400390625,-2.841484785079956,8.691581726074219,999,432.625244140625,1002.903076171875,1693585222.01027,-2.7494142055511475,lgp-long,mu+lambda-ga,reward-unhealthy_termination,ant,105,73600
737,8.1807279586792,1002.076171875,-2.8564083576202393,737,3086.574609518051,105,1002.6427612304688,3.985866069793701,999,331.5096435546875,1002.7365112304688,1002.0018920898438,684.0831298828125,7.999051570892334,996.702880859375,1002.46875,999,737,743.65771484375,-2.913506269454956,8.410625457763672,999,485.2633056640625,1002.94580078125,1693585226.1205225,-3.0207810401916504,lgp-long,mu+lambda-ga,reward-unhealthy_termination,ant,105,73700
738,8.64597225189209,1002.6605834960938,-3.0370452404022217,738,3090.68838596344,105,1002.6837768554688,3.9744246006011963,999,350.8158264160156,1002.9097900390625,1002.5684814453125,651.205810546875,8.392878532409668,993.2947998046875,1002.5595092773438,999,738,709.068359375,-2.7406651973724365,8.680414199829102,999,448.0810546875,1003.0985107421875,1693585230.234299,-2.9016034603118896,lgp-long,mu+lambda-ga,reward-unhealthy_termination,ant,105,73800
739,8.895647048950195,1002.7019653320312,-3.2289814949035645,739,3094.796932697296,105,1002.4625244140625,3.982187032699585,999,366.9605407714844,1002.5477905273438,1002.3895874023438,643.1932983398438,8.303465843200684,993.9869384765625,1002.0817260742188,999,739,735.2677612304688,-2.8281056880950928,8.394445419311523,999,424.8609619140625,1002.8035278320312,1693585234.3428457,-3.1095356941223145,lgp-long,mu+lambda-ga,reward-unhealthy_termination,ant,105,73900
740,8.558947563171387,1002.3773803710938,-3.0040199756622314,740,3098.909035682678,105,1002.399658203125,3.9858272075653076,999,347.064697265625,1002.556640625,1001.990234375,660.7324829101562,7.96090030670166,992.953125,1002.6490478515625,999,740,743.90478515625,-2.8878304958343506,8.73721694946289,999,448.868896484375,1003.1458129882812,1693585238.4549487,-3.097801923751831,lgp-long,mu+lambda-ga,reward-unhealthy_termination,ant,105,74000
741,9.004206657409668,1002.7960815429688,-3.0651533603668213,741,3103.0201604366302,105,1002.6377563476562,3.984147310256958,999,333.326904296875,1002.7205810546875,1002.3446655273438,689.0762939453125,8.825088500976562,988.9979248046875,1002.0474853515625,999,741,709.22021484375,-3.3997395038604736,8.19705867767334,999,550.8362426757812,1002.8591918945312,1693585242.5660734,-3.123354434967041,lgp-long,mu+lambda-ga,reward-unhealthy_termination,ant,105,74100
742,9.175235748291016,1002.8178100585938,-2.81443452835083,742,3107.1287338733673,105,1002.2449951171875,3.97837495803833,999,14086.3837890625,1002.6399536132812,1001.8341674804688,-1429.707763671875,7.530804634094238,971.4527587890625,1003.0868530273438,999,742,675.8656005859375,-2.6113641262054443,8.986903190612793,999,300.507080078125,1003.0372924804688,1693585246.6746469,-3.2743897438049316,lgp-long,mu+lambda-ga,reward-unhealthy_termination,ant,105,74200
743,8.401369094848633,1002.1946411132812,-3.1769020557403564,743,3111.2358570098877,105,1002.7406005859375,3.9744410514831543,999,327.136474609375,1002.7669067382812,1002.5399780273438,726.7584228515625,8.86112117767334,996.544677734375,1002.2619018554688,999,743,783.936279296875,-3.2364490032196045,8.522359848022461,999,613.254638671875,1002.9442749023438,1693585250.78177,-3.1212902069091797,lgp-long,mu+lambda-ga,reward-unhealthy_termination,ant,105,74300
744,8.843029022216797,1002.6024780273438,-2.939152956008911,744,3115.3435883522034,105,1002.4786376953125,3.975710391998291,999,325.5997314453125,1002.8907470703125,1002.3153686523438,720.0785522460938,8.17000675201416,995.8155517578125,1002.5983276367188,999,744,787.7646484375,-2.770970106124878,8.6221342086792,999,535.4612426757812,1002.9672241210938,1693585254.8895013,-3.1571781635284424,lgp-long,mu+lambda-ga,reward-unhealthy_termination,ant,105,74400
745,7.900406837463379,1002.1814575195312,-3.1391608715057373,745,3119.4489953517914,105,1002.5232543945312,3.9750778675079346,999,338.1551513671875,1002.8070678710938,1002.5247192382812,655.5632934570312,8.665518760681152,988.0466918945312,1002.5314331054688,999,745,707.8114013671875,-3.0595016479492188,8.754393577575684,999,455.4842834472656,1002.9093017578125,1693585258.9949083,-2.6338229179382324,lgp-long,mu+lambda-ga,reward-unhealthy_termination,ant,105,74500
746,8.310752868652344,1002.5665893554688,-2.7203850746154785,746,3123.560268163681,105,1002.6751708984375,3.9782943725585938,999,10016.896484375,1002.729736328125,1002.638671875,-424.1639709472656,8.978116989135742,927.4688720703125,1002.7951049804688,999,746,705.571533203125,-3.2552945613861084,8.59947395324707,999,395.46026611328125,1002.78662109375,1693585263.1061811,-2.659029245376587,lgp-long,mu+lambda-ga,reward-unhealthy_termination,ant,105,74600
747,9.262443542480469,1002.5355834960938,-2.9976136684417725,747,3127.667679786682,105,1002.6826171875,3.975513458251953,999,249.16537475585938,1002.7088623046875,1001.9041137695312,756.6029663085938,7.797067165374756,995.4878540039062,1002.92431640625,999,747,797.1207275390625,-2.8076324462890625,9.00524616241455,999,603.4191284179688,1003.19775390625,1693585267.2135928,-3.645188093185425,lgp-long,mu+lambda-ga,reward-unhealthy_termination,ant,105,74700
748,8.3582181930542,1002.451171875,-3.069464683532715,748,3131.7757205963135,105,1002.6612548828125,3.977433681488037,999,391.0708312988281,1002.9542236328125,1002.4287109375,587.8676147460938,8.459813117980957,932.4049072265625,1002.4158325195312,999,748,702.5753173828125,-2.946131944656372,8.568740844726562,999,359.0987243652344,1003.0816040039062,1693585271.3216336,-2.823922872543335,lgp-long,mu+lambda-ga,reward-unhealthy_termination,ant,105,74800
749,8.701342582702637,1002.251953125,-2.812436819076538,749,3135.884095430374,105,1002.5545654296875,3.981421709060669,999,278.66131591796875,1002.5565795898438,1002.4189453125,683.3865356445312,8.539575576782227,983.193115234375,1002.5578002929688,999,749,708.7161865234375,-3.0394551753997803,8.45543384552002,999,493.9482116699219,1002.9540405273438,1693585275.4300084,-3.365892171859741,lgp-long,mu+lambda-ga,reward-unhealthy_termination,ant,105,74900
750,8.760344505310059,1002.7079467773438,-3.2650868892669678,750,3139.994409799576,105,1002.6349487304688,3.982792854309082,999,365.61773681640625,1002.8301391601562,1002.3525390625,642.31201171875,8.695699691772461,978.7724609375,1002.5216064453125,999,750,714.04541015625,-3.259289264678955,8.869719505310059,999,477.0962829589844,1002.8842163085938,1693585279.5403228,-2.968170166015625,lgp-long,mu+lambda-ga,reward-unhealthy_termination,ant,105,75000
751,8.86909008026123,1002.603515625,-3.0273642539978027,751,3144.10454082489,105,1002.731689453125,3.9817419052124023,999,10018.650390625,1002.8615112304688,1002.6768798828125,-385.31781005859375,8.720685005187988,990.6566772460938,1002.5679931640625,999,751,698.9440307617188,-2.9594171047210693,8.681632041931152,999,439.1804504394531,1002.9796752929688,1693585283.6504538,-3.1819679737091064,lgp-long,mu+lambda-ga,reward-unhealthy_termination,ant,105,75100
752,8.981165885925293,1002.7532348632812,-3.1272287368774414,752,3148.2183525562286,105,1002.5984497070312,3.986825704574585,999,336.8876647949219,1002.734375,1002.4231567382812,709.696533203125,8.456903457641602,996.8094482421875,1002.4235229492188,999,752,811.5839233398438,-2.949949264526367,8.634812355041504,999,520.3616943359375,1002.8548583984375,1693585287.7642655,-3.1439294815063477,lgp-long,mu+lambda-ga,reward-unhealthy_termination,ant,105,75200
753,8.384243965148926,1002.2838745117188,-3.177786350250244,753,3152.32905960083,105,1002.6385498046875,3.9866790771484375,999,10027.2705078125,1002.8233032226562,1002.69287109375,-293.0636291503906,8.617640495300293,995.912841796875,1002.2472534179688,999,753,872.5093994140625,-2.8405840396881104,8.508397102355957,999,552.7278442382812,1002.8850708007812,1693585291.8749726,-3.0182273387908936,lgp-long,mu+lambda-ga,reward-unhealthy_termination,ant,105,75300
754,8.25700855255127,1002.21044921875,-2.9696638584136963,754,3156.437483072281,105,1002.5008544921875,3.9772346019744873,999,362.9256896972656,1002.6494750976562,1002.4005126953125,678.7936401367188,8.524774551391602,993.8929443359375,1002.8471069335938,999,754,720.8203735351562,-3.0403881072998047,8.898744583129883,999,500.2266845703125,1002.8116455078125,1693585295.983396,-2.962360143661499,lgp-long,mu+lambda-ga,reward-unhealthy_termination,ant,105,75400
755,8.780783653259277,1002.4962158203125,-2.8381717205047607,755,3160.5469250679016,105,1002.721435546875,3.9821434020996094,999,349.9433898925781,1002.72314453125,1002.7326049804688,708.0927124023438,9.012382507324219,996.6103515625,1002.2589721679688,999,755,794.2060546875,-3.1975958347320557,8.182698249816895,999,506.37176513671875,1002.796142578125,1693585300.092838,-3.201460599899292,lgp-long,mu+lambda-ga,reward-unhealthy_termination,ant,105,75500
756,8.220754623413086,1002.1934814453125,-3.075577974319458,756,3164.6567120552063,105,1002.6107177734375,3.976231813430786,999,369.7935791015625,1002.6844482421875,1002.7621459960938,644.5990600585938,8.628280639648438,967.49169921875,1002.2401733398438,999,756,715.3327026367188,-2.7826688289642334,8.399588584899902,999,434.0367736816406,1002.8058471679688,1693585304.202625,-2.9435136318206787,lgp-long,mu+lambda-ga,reward-unhealthy_termination,ant,105,75600
757,8.16742992401123,1002.0231323242188,-3.081104040145874,757,3168.672332763672,105,1002.6583251953125,3.975095510482788,999,331.74951171875,1002.7540893554688,1002.2869262695312,645.3168334960938,8.010149002075195,989.1336059570312,1002.4159545898438,999,757,700.78271484375,-2.637814998626709,8.58072566986084,999,420.71197509765625,1002.7858276367188,1693585308.2182457,-3.0590341091156006,lgp-long,mu+lambda-ga,reward-unhealthy_termination,ant,105,75700
758,8.237070083618164,1002.2291870117188,-3.432194471359253,758,3172.782626390457,105,1002.9102783203125,3.9785473346710205,999,10017.060546875,1002.9473876953125,1002.8953247070312,-402.7387390136719,8.887638092041016,961.927978515625,1003.0536499023438,999,758,700.7261962890625,-2.907162666320801,9.568689346313477,999,359.3441467285156,1003.1002197265625,1693585312.3285394,-2.924311399459839,lgp-long,mu+lambda-ga,reward-unhealthy_termination,ant,105,75800
759,8.087043762207031,1002.02001953125,-3.0673301219940186,759,3176.892333984375,105,1002.6736450195312,3.973522663116455,999,346.8145446777344,1002.7652587890625,1002.0319213867188,633.2080078125,7.931524753570557,993.8597412109375,1002.8972778320312,999,759,710.1046142578125,-2.814891815185547,9.047813415527344,999,420.8009948730469,1002.8460693359375,1693585316.438247,-2.9835927486419678,lgp-long,mu+lambda-ga,reward-unhealthy_termination,ant,105,75900
760,8.917288780212402,1002.6485595703125,-3.0141751766204834,760,3181.002934217453,105,1002.6630249023438,3.975560188293457,999,10015.6787109375,1002.7138671875,1002.5940551757812,-412.13079833984375,8.481278419494629,893.4547729492188,1002.3623046875,999,760,707.776123046875,-2.8054940700531006,8.459444999694824,999,411.3672790527344,1003.1346435546875,1693585320.5488472,-3.1861789226531982,lgp-long,mu+lambda-ga,reward-unhealthy_termination,ant,105,76000
761,8.344624519348145,1002.4486694335938,-3.156655788421631,761,3185.1133799552917,105,1002.6255493164062,3.9765138626098633,999,326.97235107421875,1002.9375610351562,1002.4747924804688,689.6177978515625,8.78133773803711,996.8439331054688,1002.7986450195312,999,761,713.95947265625,-3.225278854370117,9.039508819580078,999,514.0281372070312,1002.9705810546875,1693585324.659293,-2.8130993843078613,lgp-long,mu+lambda-ga,reward-unhealthy_termination,ant,105,76100
762,8.773165702819824,1002.5146484375,-3.2070071697235107,762,3189.2239141464233,105,1002.5132446289062,3.982048273086548,999,360.61236572265625,1002.80126953125,1002.5118408203125,601.29541015625,8.93410587310791,983.7103271484375,1002.5050659179688,999,762,698.0133056640625,-3.3381130695343018,8.79670238494873,999,400.1329650878906,1002.8341674804688,1693585328.7698271,-3.17472767829895,lgp-long,mu+lambda-ga,reward-unhealthy_termination,ant,105,76200
763,8.10744571685791,1002.2943725585938,-2.8521249294281006,763,3193.331894159317,105,1002.3902587890625,3.978261709213257,999,316.9479675292969,1002.5965576171875,1002.3292846679688,646.4071044921875,8.281100273132324,964.63427734375,1002.2687377929688,999,763,700.4647216796875,-2.866199016571045,8.206168174743652,999,425.52001953125,1002.710205078125,1693585332.8778071,-2.7272894382476807,lgp-long,mu+lambda-ga,reward-unhealthy_termination,ant,105,76300
764,8.14041805267334,1001.9931030273438,-3.0158212184906006,764,3197.4435365200043,105,1002.5979614257812,3.978473424911499,999,284.8234558105469,1002.631591796875,1002.3573608398438,694.7854614257812,8.32524299621582,985.2407836914062,1002.7737426757812,999,764,708.30224609375,-2.883068799972534,8.874099731445312,999,491.2938232421875,1002.634765625,1693585336.9894495,-3.0642805099487305,lgp-long,mu+lambda-ga,reward-unhealthy_termination,ant,105,76400
765,8.707371711730957,1002.4156494140625,-3.1329660415649414,765,3201.5530195236206,105,1002.5347290039062,3.980999231338501,999,327.23992919921875,1002.6279907226562,1001.8427734375,628.1396484375,7.787594795227051,954.6172485351562,1002.6088256835938,999,765,706.1437377929688,-2.8596243858337402,8.823885917663574,999,417.50555419921875,1002.7073974609375,1693585341.0989325,-3.2081592082977295,lgp-long,mu+lambda-ga,reward-unhealthy_termination,ant,105,76500
766,8.02619457244873,1002.2158203125,-3.048767566680908,766,3205.661999940872,105,1002.2642211914062,3.976346492767334,999,351.33349609375,1002.2890625,1002.2035522460938,604.8375854492188,8.210704803466797,945.1710205078125,1002.7271728515625,999,766,700.14892578125,-2.923372745513916,8.859761238098145,999,386.997802734375,1002.6875610351562,1693585345.207913,-2.724677801132202,lgp-long,mu+lambda-ga,reward-unhealthy_termination,ant,105,76600
767,9.016047477722168,1002.6757202148438,-3.0954275131225586,767,3209.770184278488,105,1002.7584228515625,3.9759557247161865,999,387.5186767578125,1002.8267211914062,1002.4039916992188,650.6784057617188,8.248724937438965,986.7673950195312,1002.18310546875,999,767,706.57958984375,-2.7600972652435303,8.362431526184082,999,542.4503173828125,1002.8363647460938,1693585349.3160973,-3.2598133087158203,lgp-long,mu+lambda-ga,reward-unhealthy_termination,ant,105,76700
768,9.0905122756958,1002.6356811523438,-2.923476457595825,768,3213.879660844803,105,1002.5590209960938,3.974458932876587,999,345.0441589355469,1002.5632934570312,1002.328125,695.9105834960938,8.306286811828613,996.4060668945312,1002.4330444335938,999,768,768.295654296875,-2.8918797969818115,8.439745903015137,999,516.6378784179688,1002.871337890625,1693585353.4255738,-3.373201847076416,lgp-long,mu+lambda-ga,reward-unhealthy_termination,ant,105,76800
769,8.426057815551758,1002.2804565429688,-3.0486574172973633,769,3217.9906849861145,105,1002.6300659179688,3.979119300842285,999,363.88507080078125,1002.63818359375,1002.4475708007812,661.54052734375,8.526419639587402,995.3399047851562,1002.53125,999,769,720.1608276367188,-2.9939098358154297,8.66513729095459,999,438.0042419433594,1002.7831420898438,1693585357.536598,-3.06205153465271,lgp-long,mu+lambda-ga,reward-unhealthy_termination,ant,105,76900
770,9.144063949584961,1002.8092651367188,-2.8603875637054443,770,3222.100491285324,105,1002.7199096679688,3.986016035079956,999,312.8442687988281,1002.7633056640625,1002.1198120117188,654.4757080078125,7.734077453613281,891.8880615234375,1002.7304077148438,999,770,706.447265625,-2.528809070587158,8.674391746520996,999,491.321533203125,1002.7803955078125,1693585361.6464043,-3.2521462440490723,lgp-long,mu+lambda-ga,reward-unhealthy_termination,ant,105,77000
771,8.526213645935059,1002.1558837890625,-3.0334250926971436,771,3226.2114696502686,105,1002.6969604492188,3.981858730316162,999,373.26373291015625,1002.78076171875,1002.6271362304688,642.8173828125,9.014521598815918,991.46337890625,1002.5723876953125,999,771,704.3551635742188,-3.3066699504852295,8.689539909362793,999,419.8590087890625,1003.0593872070312,1693585365.7573826,-3.2867679595947266,lgp-long,mu+lambda-ga,reward-unhealthy_termination,ant,105,77100
772,9.474963188171387,1003.0858764648438,-151.2648162841797,772,3230.321241378784,105,1002.9488525390625,3.9778757095336914,999,340.33880615234375,1003.10009765625,1002.5277709960938,664.2246704101562,8.624635696411133,983.8436279296875,944.4415893554688,999,772,712.3416748046875,-3.0131471157073975,98.68155670166016,999,444.24835205078125,1032.1827392578125,1693585369.8671544,-3.306450366973877,lgp-long,mu+lambda-ga,reward-unhealthy_termination,ant,105,77200
773,9.059808731079102,1002.703125,-88.36487579345703,773,3234.4319508075714,105,1002.7572631835938,3.9756460189819336,999,315.4485778808594,1002.7662353515625,1002.3497924804688,682.3563232421875,8.20224666595459,994.1815185546875,1013.6710815429688,999,773,709.306640625,-2.7674710750579834,105.02503967285156,999,498.6612243652344,1031.43115234375,1693585373.9778638,-3.2734718322753906,lgp-long,mu+lambda-ga,reward-unhealthy_termination,ant,105,77300
774,8.881308555603027,1002.7672119140625,-160.96202087402344,774,3238.542391061783,105,1002.8471069335938,3.9800381660461426,999,346.8726501464844,1002.8914184570312,1002.7000122070312,621.1439819335938,9.027251243591309,985.4478149414062,954.9052124023438,999,774,700.7075805664062,-3.243448257446289,118.8429183959961,999,415.10174560546875,1024.3931884765625,1693585378.088304,-3.0309512615203857,lgp-long,mu+lambda-ga,reward-unhealthy_termination,ant,105,77400
775,8.646934509277344,1002.5947265625,-63.38642120361328,775,3242.6540083885193,105,1002.6421508789062,3.984504461288452,999,315.2476501464844,1002.7762451171875,1002.5896606445312,632.4631958007812,8.76391887664795,916.0746459960938,1038.689697265625,999,775,686.3231811523438,-3.0903749465942383,105.05537414550781,999,413.3682861328125,1038.7060546875,1693585382.1999214,-2.9680919647216797,lgp-long,mu+lambda-ga,reward-unhealthy_termination,ant,105,77500
776,9.07530403137207,1002.759765625,-78.71147918701172,776,3246.7625823020935,105,1002.8765869140625,3.9847874641418457,999,298.4949035644531,1002.9841918945312,1002.4514770507812,706.6437377929688,8.633827209472656,986.32861328125,1022.0748291015625,999,776,758.04443359375,-3.100430488586426,103.73213195800781,999,549.8504028320312,1032.1728515625,1693585386.3084953,-3.2327122688293457,lgp-long,mu+lambda-ga,reward-unhealthy_termination,ant,105,77600
777,8.977518081665039,1002.8038330078125,-69.92982482910156,777,3250.8785099983215,105,1002.7611083984375,3.982018232345581,999,346.6751708984375,1002.849853515625,1002.3777465820312,655.3218383789062,8.235176086425781,978.0413208007812,1031.5872802734375,999,777,708.5724487304688,-2.7741568088531494,104.46315002441406,999,470.6346740722656,1035.2230224609375,1693585390.424423,-3.091883420944214,lgp-long,mu+lambda-ga,reward-unhealthy_termination,ant,105,77700
778,91.76618957519531,982.23876953125,-115.6081771850586,778,3254.98708152771,105,1017.2222290039062,3.985823631286621,999,339.98681640625,1026.5228271484375,856.95458984375,664.2205810546875,113.08992767333984,968.3509521484375,970.5773315429688,999,778,749.6385498046875,-253.1405487060547,89.10892486572266,999,453.1806335449219,1035.5294189453125,1693585394.5329945,-106.57291412353516,lgp-long,mu+lambda-ga,reward-unhealthy_termination,ant,105,77800
779,108.21430969238281,1037.3243408203125,-76.14940643310547,779,3259.098057746887,105,1035.977783203125,3.9813930988311768,999,305.6820983886719,1036.9931640625,994.1279296875,711.3702392578125,80.00238037109375,986.0661010742188,1031.7852783203125,999,779,764.71484375,-82.9291000366211,110.95616912841797,999,530.7372436523438,1039.0352783203125,1693585398.6439707,-67.89077758789062,lgp-long,mu+lambda-ga,reward-unhealthy_termination,ant,105,77900
780,106.4993667602539,1031.85302734375,-61.072792053222656,780,3263.2096543312073,105,1035.84326171875,3.983673572540283,999,321.6567077636719,1035.9951171875,937.4010620117188,641.8465576171875,106.05912017822266,954.3233642578125,1039.38232421875,999,780,705.14892578125,-165.67977905273438,103.38431549072266,999,435.09442138671875,1041.50146484375,1693585402.7555673,-71.62328338623047,lgp-long,mu+lambda-ga,reward-unhealthy_termination,ant,105,78000
781,103.92496490478516,925.35693359375,-180.90554809570312,781,3267.3198549747467,105,1036.7064208984375,3.977595567703247,999,373.29217529296875,1037.1419677734375,1032.5186767578125,642.1930541992188,109.39962005615234,990.6554565429688,924.8694458007812,999,781,727.425048828125,-73.93144226074219,108.76478576660156,999,427.66259765625,1041.218505859375,1693585406.865768,-175.54966735839844,lgp-long,mu+lambda-ga,reward-unhealthy_termination,ant,105,78100
782,90.85111999511719,1016.41259765625,-152.73236083984375,782,3271.4311847686768,105,1025.842529296875,3.9843852519989014,999,332.9590148925781,1032.127197265625,963.0439453125,633.6426391601562,80.625,961.9317626953125,954.0113525390625,999,782,696.5015869140625,-114.59349822998047,109.75579071044922,999,405.66192626953125,1037.7940673828125,1693585410.9770977,-71.41921997070312,lgp-long,mu+lambda-ga,reward-unhealthy_termination,ant,105,78200
783,101.6248779296875,1020.06689453125,-158.1293182373047,783,3275.54181265831,105,1004.2107543945312,3.9848971366882324,999,305.19134521484375,1021.1426391601562,1003.8419799804688,622.8895263671875,12.168319702148438,874.9058837890625,945.4539184570312,999,783,678.632080078125,-5.236629486083984,106.48485565185547,999,411.9505920410156,1028.59619140625,1693585415.0877256,-78.61771392822266,lgp-long,mu+lambda-ga,reward-unhealthy_termination,ant,105,78300
784,108.09683990478516,1038.4237060546875,-74.24547576904297,784,3279.6544120311737,105,1004.5274658203125,4.007794380187988,999,301.5169372558594,1037.2481689453125,1004.7429809570312,680.677490234375,13.227190971374512,978.0562133789062,1034.3184814453125,999,784,706.896240234375,-5.395339488983154,111.55606842041016,999,500.2442626953125,1037.65576171875,1693585419.200325,-66.66163635253906,lgp-long,mu+lambda-ga,reward-unhealthy_termination,ant,105,78400
785,17.00270652770996,1004.4400634765625,-68.34619140625,785,3283.7644369602203,105,1002.6995849609375,3.997645616531372,999,10017.296875,1004.9318237304688,1002.5888671875,-389.46435546875,8.905282020568848,962.715087890625,1032.1044921875,999,785,684.9180908203125,-3.233177900314331,103.4367446899414,999,394.9513854980469,1035.8421630859375,1693585423.31035,-9.495468139648438,lgp-long,mu+lambda-ga,reward-unhealthy_termination,ant,105,78500
786,109.6822738647461,1032.0799560546875,-70.95906829833984,786,3287.8750171661377,105,1032.527587890625,3.9896531105041504,999,301.8857727050781,1033.1827392578125,899.8125,657.0006713867188,85.80390167236328,944.6326904296875,1035.2542724609375,999,786,710.092529296875,-182.95318603515625,109.20970916748047,999,435.5692138671875,1035.072021484375,1693585427.4209301,-74.58394622802734,lgp-long,mu+lambda-ga,reward-unhealthy_termination,ant,105,78600
787,110.5092544555664,1037.5809326171875,-64.08988189697266,787,3291.985318660736,105,1028.051513671875,3.988903045654297,999,366.70166015625,1036.4453125,1017.6104736328125,614.2149047851562,100.21170043945312,967.1021118164062,1038.6553955078125,999,787,703.4249267578125,-79.63471984863281,105.7331771850586,999,362.5588684082031,1042.906982421875,1693585431.5312316,-69.90984344482422,lgp-long,mu+lambda-ga,reward-unhealthy_termination,ant,105,78700
788,104.8045654296875,1034.5989990234375,-79.17461395263672,788,3296.0955510139465,105,1036.2059326171875,3.9954090118408203,999,293.6101379394531,1036.5726318359375,1035.6907958984375,709.349853515625,104.86339569091797,963.4566650390625,1025.8138427734375,999,788,761.215087890625,-66.20503234863281,107.959716796875,999,547.3359985351562,1041.3515625,1693585435.641464,-67.23543548583984,lgp-long,mu+lambda-ga,reward-unhealthy_termination,ant,105,78800
789,108.38771057128906,1025.41455078125,-68.38276672363281,789,3300.2051832675934,105,1037.6180419921875,3.9849531650543213,999,316.5909423828125,1038.8306884765625,1035.5174560546875,694.2329711914062,105.23003387451172,969.7649536132812,1037.1116943359375,999,789,709.8580322265625,-66.76677703857422,108.509521484375,999,544.5770874023438,1040.826904296875,1693585439.7510962,-80.03985595703125,lgp-long,mu+lambda-ga,reward-unhealthy_termination,ant,105,78900
790,96.14131927490234,941.1527709960938,-78.91585540771484,790,3304.313354253769,105,1034.8662109375,3.9817779064178467,999,308.9525146484375,1036.115966796875,1031.359375,704.5337524414062,104.93757629394531,970.829345703125,1030.7791748046875,999,790,751.8628540039062,-70.64916229248047,112.6730728149414,999,544.1353759765625,1037.29443359375,1693585443.8592672,-152.03456115722656,lgp-long,mu+lambda-ga,reward-unhealthy_termination,ant,105,79000
791,108.28018951416016,1036.4407958984375,-50.76721954345703,791,3308.4241802692413,105,1031.9761962890625,3.9831764698028564,999,320.8271484375,1035.5303955078125,978.62158203125,682.9759521484375,88.2210922241211,969.8400268554688,1040.9918212890625,999,791,705.8681640625,-106.5435562133789,94.56816864013672,999,496.05975341796875,1036.85400390625,1693585447.9700933,-68.89636993408203,lgp-long,mu+lambda-ga,reward-unhealthy_termination,ant,105,79100
792,104.26130676269531,957.4328002929688,-98.0720443725586,792,3312.5351057052612,105,1034.75830078125,3.978470802307129,999,326.8872375488281,1037.039306640625,946.6755981445312,662.6707763671875,96.36177062988281,951.4192504882812,981.9664306640625,999,792,706.6939086914062,-146.73170471191406,82.99854278564453,999,481.68438720703125,1038.2115478515625,1693585452.0810187,-143.8766326904297,lgp-long,mu+lambda-ga,reward-unhealthy_termination,ant,105,79200
793,111.65697479248047,1026.1297607421875,-46.052940368652344,793,3316.6448895931244,105,1030.6060791015625,3.9779269695281982,999,328.2043762207031,1036.4085693359375,939.8944702148438,684.9012451171875,102.12256622314453,986.5291137695312,1040.2867431640625,999,793,757.9107666015625,-159.22344970703125,89.14412689208984,999,506.32440185546875,1043.53271484375,1693585456.1908026,-82.54933166503906,lgp-long,mu+lambda-ga,reward-unhealthy_termination,ant,105,79300
794,109.896240234375,1034.052734375,-61.8817138671875,794,3320.7559888362885,105,1036.7060546875,3.9781413078308105,999,10024.0810546875,1040.9921875,824.5445556640625,-310.0633544921875,75.41881561279297,987.357177734375,1040.9599609375,999,794,715.3522338867188,-247.9864501953125,105.78173828125,999,516.1542358398438,1043.4638671875,1693585460.3019018,-72.8828125,lgp-long,mu+lambda-ga,reward-unhealthy_termination,ant,105,79400
795,67.9626693725586,971.8005981445312,-40.192413330078125,795,3324.86580991745,105,1043.794677734375,3.9705920219421387,999,290.93597412109375,1044.0291748046875,925.111328125,756.7614135742188,86.1170425415039,997.3663330078125,1045.3646240234375,999,795,837.087646484375,-158.1564178466797,88.36021423339844,999,664.5975341796875,1046.0028076171875,1693585464.411723,-93.29928588867188,lgp-long,mu+lambda-ga,reward-unhealthy_termination,ant,105,79500
796,90.51203155517578,937.0609741210938,-49.05427932739258,796,3328.9753065109253,105,1044.1221923828125,3.977693557739258,999,10026.9951171875,1044.609619140625,952.6260986328125,-272.6978454589844,72.15718078613281,978.4327392578125,1039.3739013671875,999,796,772.1671752929688,-116.67232513427734,91.23301696777344,999,592.8768310546875,1045.65478515625,1693585468.5212195,-150.61251831054688,lgp-long,mu+lambda-ga,reward-unhealthy_termination,ant,105,79600
797,107.4314193725586,1042.169189453125,-48.555320739746094,797,3333.085369348526,105,1040.488525390625,3.9784836769104004,999,301.29052734375,1040.6834716796875,1036.8441162109375,726.9588012695312,111.43090057373047,987.419189453125,1042.2611083984375,999,797,822.2714233398438,-71.584716796875,93.62236022949219,999,583.9075927734375,1041.4654541015625,1693585472.6312823,-62.28229522705078,lgp-long,mu+lambda-ga,reward-unhealthy_termination,ant,105,79700
798,93.530517578125,932.3916015625,-40.312442779541016,798,3337.195612668991,105,1037.516845703125,3.971686363220215,999,344.5782165527344,1042.1488037109375,1010.7783203125,678.0769653320312,72.6600341796875,971.8414916992188,1046.94921875,999,798,782.678955078125,-59.0164909362793,90.0663070678711,999,439.12298583984375,1047.323486328125,1693585476.7415257,-158.29722595214844,lgp-long,mu+lambda-ga,reward-unhealthy_termination,ant,105,79800
799,101.9533920288086,1006.8508911132812,-53.63214111328125,799,3341.3079290390015,105,1039.9686279296875,3.9758780002593994,999,361.7580261230469,1043.32763671875,1035.300048828125,640.8579711914062,92.97571563720703,981.1456909179688,1038.9080810546875,999,799,702.9268188476562,-54.870643615722656,95.35235595703125,999,401.4613342285156,1046.0985107421875,1693585480.853842,-92.28077697753906,lgp-long,mu+lambda-ga,reward-unhealthy_termination,ant,105,79900
800,102.97025299072266,940.6525268554688,-126.60017395019531,800,3345.415475845337,105,1044.006103515625,3.9737637042999268,999,320.3154296875,1045.7432861328125,924.3858642578125,737.1096801757812,89.04424285888672,985.8575439453125,968.5755004882812,999,800,843.3613891601562,-161.8189697265625,97.99970245361328,999,614.3895263671875,1047.0821533203125,1693585484.9613888,-159.4763946533203,lgp-long,mu+lambda-ga,reward-unhealthy_termination,ant,105,80000
801,93.8060531616211,955.3330078125,-48.2166862487793,801,3349.5341012477875,105,1042.227783203125,3.984175205230713,999,10022.9697265625,1042.7750244140625,930.1349487304688,-324.1109313964844,90.24998474121094,989.7713623046875,1039.02197265625,999,801,712.7718505859375,-157.2763214111328,90.0428466796875,999,471.9778137207031,1045.709716796875,1693585489.0800142,-135.64303588867188,lgp-long,mu+lambda-ga,reward-unhealthy_termination,ant,105,80100
802,93.66704559326172,929.4783325195312,-53.904998779296875,802,3353.6349408626556,105,1041.5802001953125,3.9657833576202393,999,335.86102294921875,1042.15234375,1040.666015625,691.2255859375,93.08550262451172,985.7933349609375,1041.9146728515625,999,802,749.3179931640625,-49.609371185302734,98.61882781982422,999,524.8997192382812,1042.6165771484375,1693585493.1808538,-161.35511779785156,lgp-long,mu+lambda-ga,reward-unhealthy_termination,ant,105,80200
803,94.44596099853516,1037.5062255859375,-53.14990997314453,803,3357.743793964386,105,1042.630859375,3.9776740074157715,999,333.46807861328125,1044.1231689453125,947.0654296875,656.49951171875,95.7917709350586,944.6439208984375,1041.834228515625,999,803,698.2893676757812,-145.89662170410156,97.79329681396484,999,447.4038391113281,1046.0396728515625,1693585497.289707,-54.12141036987305,lgp-long,mu+lambda-ga,reward-unhealthy_termination,ant,105,80300
804,94.2695541381836,1038.5059814453125,-50.60219192504883,804,3361.7536578178406,105,1041.94189453125,3.9681754112243652,999,328.8187255859375,1044.1163330078125,950.7214965820312,673.193115234375,95.80847930908203,963.4033203125,1041.0396728515625,999,804,726.56494140625,-142.25355529785156,94.45079803466797,999,456.2033386230469,1045.72216796875,1693585501.2995708,-52.9533805847168,lgp-long,mu+lambda-ga,reward-unhealthy_termination,ant,105,80400
805,93.05948638916016,952.724609375,-43.379032135009766,805,3365.7663469314575,105,1042.484375,3.9713211059570312,999,303.1380310058594,1042.613525390625,930.3556518554688,721.5221557617188,94.6996078491211,974.1765747070312,1043.3756103515625,999,805,790.7357177734375,-161.5164794921875,89.55839538574219,999,521.64501953125,1046.5152587890625,1693585505.31226,-137.49269104003906,lgp-long,mu+lambda-ga,reward-unhealthy_termination,ant,105,80500
806,89.8153305053711,1041.5584716796875,-46.3150520324707,806,3369.8741912841797,105,1041.072509765625,3.970123767852783,999,10017.8583984375,1041.3739013671875,1036.1927490234375,-382.50982666015625,90.26156616210938,916.80810546875,1041.9600830078125,999,806,703.7568359375,-51.26308059692383,91.07781219482422,999,437.5147399902344,1042.2156982421875,1693585509.4201043,-45.455177307128906,lgp-long,mu+lambda-ga,reward-unhealthy_termination,ant,105,80600
807,95.20027160644531,938.7554931640625,-113.99266815185547,807,3373.883871793747,105,1038.1578369140625,3.9645254611968994,999,10022.955078125,1038.2276611328125,1033.4256591796875,-321.4454650878906,96.98941802978516,941.3760986328125,954.1679077148438,999,807,710.2486572265625,-60.751220703125,71.0199966430664,999,561.9529418945312,1043.433837890625,1693585513.4297848,-153.6121826171875,lgp-long,mu+lambda-ga,reward-unhealthy_termination,ant,105,80700
808,94.90384674072266,1037.6123046875,-43.048736572265625,808,3378.393582344055,105,1041.21875,4.415599346160889,999,302.0469055175781,1041.4381103515625,1039.32177734375,678.3346557617188,91.95198059082031,970.95458984375,1044.791015625,999,808,722.3603515625,-49.82394027709961,90.64302825927734,999,447.26702880859375,1044.4217529296875,1693585517.9394953,-54.478668212890625,lgp-long,mu+lambda-ga,reward-unhealthy_termination,ant,105,80800
809,88.81021881103516,1042.3795166015625,-44.893672943115234,809,3382.4996688365936,105,1040.9119873046875,4.058140754699707,999,331.2709045410156,1042.807861328125,922.9337768554688,608.8862915039062,87.7907485961914,909.7763671875,1043.0838623046875,999,809,674.2176513671875,-162.0234375,90.78020477294922,999,418.23626708984375,1043.260498046875,1693585522.0455818,-43.628318786621094,lgp-long,mu+lambda-ga,reward-unhealthy_termination,ant,105,80900
810,108.59691619873047,1043.0130615234375,-38.99270248413086,810,3386.6078939437866,105,1041.4959716796875,3.9797897338867188,999,339.150146484375,1042.618408203125,940.4115600585938,658.5667724609375,94.54253387451172,964.9046630859375,1047.16455078125,999,810,706.379150390625,-151.29925537109375,88.95545959472656,999,426.7196960449219,1047.8104248046875,1693585526.153807,-62.54118728637695,lgp-long,mu+lambda-ga,reward-unhealthy_termination,ant,105,81000
811,70.19879913330078,987.21826171875,-43.39728546142578,811,3390.71364736557,105,1036.67822265625,3.975985288619995,999,285.1669921875,1040.5152587890625,931.8703002929688,669.1234741210938,92.96602630615234,941.7039184570312,1040.6575927734375,999,811,697.045166015625,-158.26416015625,86.86775207519531,999,444.6370544433594,1045.1390380859375,1693585530.2595603,-80.12007904052734,lgp-long,mu+lambda-ga,reward-unhealthy_termination,ant,105,81100
812,97.16699981689453,1035.256591796875,-60.5050048828125,812,3394.823432445526,105,1036.7760009765625,3.976773738861084,999,10018.9306640625,1036.8321533203125,945.4364624023438,-366.4641418457031,98.05955505371094,915.57568359375,1037.6746826171875,999,812,698.7371826171875,-149.78326416015625,100.99317932128906,999,417.21551513671875,1037.833984375,1693585534.3693454,-59.098297119140625,lgp-long,mu+lambda-ga,reward-unhealthy_termination,ant,105,81200
813,93.35027313232422,1043.0345458984375,-49.42353439331055,813,3398.9316296577454,105,1043.0313720703125,3.981374740600586,999,17179.01171875,1044.0302734375,1038.7601318359375,-2338.910400390625,97.53250885009766,1002.454345703125,1041.7655029296875,999,813,770.9112548828125,-55.96866989135742,93.99298095703125,999,444.87152099609375,1047.086669921875,1693585538.4775426,-47.50962448120117,lgp-long,mu+lambda-ga,reward-unhealthy_termination,ant,105,81300
814,99.7829360961914,939.7626953125,-55.135711669921875,814,3403.0383775234222,105,1040.4046630859375,3.9816038608551025,999,317.3978576660156,1043.4195556640625,930.5258178710938,623.4081420898438,100.38091278076172,884.5406494140625,1038.731201171875,999,814,644.7427978515625,-167.0165252685547,96.67822265625,999,420.5206604003906,1044.0574951171875,1693585542.5842905,-157.17527770996094,lgp-long,mu+lambda-ga,reward-unhealthy_termination,ant,105,81400
815,90.08243560791016,1044.024169921875,-155.31936645507812,815,3407.146255016327,105,1041.2598876953125,3.977989912033081,999,317.5786437988281,1044.1005859375,950.3365478515625,630.0350341796875,105.9225845336914,889.9847412109375,936.3404541015625,999,815,666.1937255859375,-152.64854431152344,94.49220275878906,999,414.74554443359375,1045.7701416015625,1693585546.692168,-43.25209426879883,lgp-long,mu+lambda-ga,reward-unhealthy_termination,ant,105,81500
816,89.90225982666016,1037.97802734375,-140.3976287841797,816,3411.253086090088,105,1040.764892578125,3.9764647483825684,999,10012.8466796875,1042.648193359375,934.7418212890625,-428.5611877441406,97.73754119873047,810.4244384765625,952.2470092773438,999,816,599.1468505859375,-160.16209411621094,95.4792251586914,999,396.41265869140625,1044.7529296875,1693585550.798999,-49.12319564819336,lgp-long,mu+lambda-ga,reward-unhealthy_termination,ant,105,81600
817,91.88752746582031,940.8637084960938,-45.47807693481445,817,3415.361889362335,105,1042.3931884765625,3.9801406860351562,999,10022.095703125,1042.7744140625,1000.6687622070312,-347.9348449707031,95.16132354736328,970.0032958984375,1043.8099365234375,999,817,722.611083984375,-91.48340606689453,92.08880615234375,999,453.30047607421875,1045.21875,1693585554.9078023,-148.17784118652344,lgp-long,mu+lambda-ga,reward-unhealthy_termination,ant,105,81700
818,90.08183288574219,1042.5374755859375,-59.32265853881836,818,3419.470838546753,105,1042.304931640625,4.010751247406006,999,348.46856689453125,1042.54541015625,950.6572265625,678.4281005859375,96.1158218383789,977.8248901367188,1037.220703125,999,818,775.1329345703125,-142.62994384765625,99.3557357788086,999,533.70458984375,1043.424072265625,1693585559.0167515,-44.74715042114258,lgp-long,mu+lambda-ga,reward-unhealthy_termination,ant,105,81800
819,84.60265350341797,828.14501953125,-45.602386474609375,819,3423.5800750255585,105,1041.2716064453125,4.0033769607543945,999,10023.6083984375,1041.6102294921875,1040.0335693359375,-318.9427795410156,87.21246337890625,964.16796875,1044.313232421875,999,819,753.6868896484375,-44.37176513671875,92.71941375732422,999,456.73626708984375,1043.9625244140625,1693585563.125988,-253.5857391357422,lgp-long,mu+lambda-ga,reward-unhealthy_termination,ant,105,81900
820,94.51838684082031,1035.7353515625,-50.1496467590332,820,3427.68958067894,105,1042.547607421875,4.012706279754639,999,319.6922912597656,1048.0816650390625,1035.615234375,667.7103271484375,96.30672454833984,985.5718994140625,1044.5091552734375,999,820,695.6988525390625,-57.88836669921875,97.46711730957031,999,469.73828125,1049.7757568359375,1693585567.2354937,-55.971412658691406,lgp-long,mu+lambda-ga,reward-unhealthy_termination,ant,105,82000
821,97.2418212890625,951.3240356445312,-53.78599166870117,821,3431.7991070747375,105,1043.4534912109375,3.999610185623169,999,10016.4716796875,1043.775390625,1036.1778564453125,-396.4609375,82.68338775634766,917.7189331054688,1039.431884765625,999,821,625.3560180664062,-43.68331527709961,96.02671813964844,999,346.67022705078125,1045.5626220703125,1693585571.34502,-143.08560180664062,lgp-long,mu+lambda-ga,reward-unhealthy_termination,ant,105,82100
822,93.17341613769531,950.9728393554688,-150.2669677734375,822,3435.908555984497,105,1038.1280517578125,4.002065181732178,999,305.12744140625,1044.0291748046875,912.91796875,655.8719482421875,84.390869140625,896.0816650390625,943.0813598632812,999,822,726.9700927734375,-168.6250457763672,96.17021942138672,999,429.06671142578125,1047.5445556640625,1693585575.454469,-139.3536376953125,lgp-long,mu+lambda-ga,reward-unhealthy_termination,ant,105,82200
823,94.44158935546875,939.0311889648438,-165.2722930908203,823,3440.0187616348267,105,1035.9241943359375,3.9944348335266113,999,353.6973876953125,1037.097412109375,923.5154418945312,594.1355590820312,99.74565887451172,893.5966186523438,929.1139526367188,999,823,670.1900634765625,-173.39181518554688,97.21993255615234,999,406.9665832519531,1047.5211181640625,1693585579.5646746,-152.580810546875,lgp-long,mu+lambda-ga,reward-unhealthy_termination,ant,105,82300
824,91.74906921386719,1044.8321533203125,-60.94332504272461,824,3444.129425048828,105,1042.638916015625,3.9951467514038086,999,310.0733947753906,1043.3035888671875,1039.5838623046875,653.6676025390625,89.70684051513672,945.3961181640625,1036.8651123046875,999,824,688.6016235351562,-47.31753158569336,100.6248779296875,999,436.016845703125,1046.2791748046875,1693585583.675338,-44.11743927001953,lgp-long,mu+lambda-ga,reward-unhealthy_termination,ant,105,82400
825,93.21199798583984,1018.9935913085938,-139.75914001464844,825,3448.2397091388702,105,1035.2677001953125,3.995537042617798,999,344.3252258300781,1039.02880859375,931.4338989257812,634.2056884765625,104.43534088134766,883.9735107421875,936.81884765625,999,825,704.69775390625,-170.16184997558594,79.44487762451172,999,465.95001220703125,1040.9620361328125,1693585587.7856221,-71.39580535888672,lgp-long,mu+lambda-ga,reward-unhealthy_termination,ant,105,82500
826,97.25682830810547,951.0205078125,-162.0315704345703,826,3452.3492197990417,105,1039.754638671875,3.996954917907715,999,292.34234619140625,1042.590087890625,1036.0419921875,672.3967895507812,97.34016418457031,934.1595458984375,919.6098022460938,999,826,696.4713134765625,-58.48027420043945,84.48394012451172,999,493.6007080078125,1044.23828125,1693585591.8951328,-143.40008544921875,lgp-long,mu+lambda-ga,reward-unhealthy_termination,ant,105,82600
827,85.05427551269531,1033.24755859375,-46.1503791809082,827,3456.4600343704224,105,1039.68505859375,3.992354393005371,999,312.7470397949219,1039.9205322265625,942.7574462890625,659.7190551757812,93.85047912597656,964.201171875,1042.1468505859375,999,827,702.1958618164062,-148.25216674804688,91.09716796875,999,450.2092590332031,1042.935546875,1693585596.0059474,-48.97690963745117,lgp-long,mu+lambda-ga,reward-unhealthy_termination,ant,105,82700
828,91.68094635009766,1040.98681640625,-50.0382194519043,828,3460.571092605591,105,1040.78076171875,3.9967446327209473,999,318.4161071777344,1046.1942138671875,1037.6629638671875,637.3597412109375,94.2333755493164,952.8577270507812,1036.416259765625,999,828,674.336669921875,-53.75980758666992,89.2721176147461,999,449.4278564453125,1046.7689208984375,1693585600.1170056,-47.886878967285156,lgp-long,mu+lambda-ga,reward-unhealthy_termination,ant,105,82800
829,99.88065338134766,1002.1280517578125,-42.19509506225586,829,3464.679387331009,105,1041.50439453125,3.9883222579956055,999,331.8569030761719,1041.774169921875,1030.6553955078125,594.4970703125,101.06413269042969,935.9529418945312,1046.1661376953125,999,829,595.5762939453125,-67.59221649169922,91.16133880615234,999,370.778076171875,1045.7762451171875,1693585604.2253003,-94.93367767333984,lgp-long,mu+lambda-ga,reward-unhealthy_termination,ant,105,82900
830,81.29148864746094,944.1978759765625,-59.16447067260742,830,3468.790923833847,105,1041.0341796875,3.9980251789093018,999,317.19500732421875,1041.853759765625,1040.2745361328125,658.2947387695312,93.0377426147461,974.9946899414062,1034.0159912109375,999,830,700.4580078125,-49.95408630371094,95.99492645263672,999,428.01904296875,1042.99365234375,1693585608.3368368,-134.23580932617188,lgp-long,mu+lambda-ga,reward-unhealthy_termination,ant,105,83000
831,86.25540161132812,926.5014038085938,-157.6227569580078,831,3472.9003455638885,105,1040.317138671875,3.9979376792907715,999,333.1473388671875,1041.3763427734375,953.5302734375,686.9202880859375,95.45635986328125,977.206298828125,933.2763671875,999,831,708.5153198242188,-139.09840393066406,93.72676849365234,999,526.7085571289062,1044.912353515625,1693585612.4462585,-156.90740966796875,lgp-long,mu+lambda-ga,reward-unhealthy_termination,ant,105,83100
832,91.8359603881836,831.5817260742188,-38.55284118652344,832,3477.011106491089,105,1043.49755859375,3.9909942150115967,999,322.4573974609375,1045.8797607421875,922.3109741210938,630.5418090820312,100.86591339111328,906.3198852539062,1049.44384765625,999,832,687.8450927734375,-175.71873474121094,90.7912826538086,999,411.379638671875,1049.9940185546875,1693585616.5570195,-257.3992614746094,lgp-long,mu+lambda-ga,reward-unhealthy_termination,ant,105,83200
833,85.73992156982422,1037.9578857421875,-146.514404296875,833,3481.122170686722,105,1035.873291015625,3.989567518234253,999,338.5157470703125,1041.1431884765625,1017.0518798828125,647.8434448242188,90.79012298583984,962.2057495117188,941.0899658203125,999,833,724.438720703125,-70.9091567993164,90.432861328125,999,419.5721435546875,1047.154541015625,1693585620.6680837,-44.95543670654297,lgp-long,mu+lambda-ga,reward-unhealthy_termination,ant,105,83300
834,98.96807861328125,1031.8929443359375,-40.7928352355957,834,3485.2325661182404,105,1042.5260009765625,4.004924774169922,999,345.3760986328125,1042.8648681640625,1041.2984619140625,641.1680297851562,93.36647033691406,936.4944458007812,1044.1849365234375,999,834,694.2221069335938,-49.26612091064453,87.7838363647461,999,493.145751953125,1044.9669189453125,1693585624.778479,-64.26583099365234,lgp-long,mu+lambda-ga,reward-unhealthy_termination,ant,105,83400
835,93.01262664794922,1042.5716552734375,-59.28363037109375,835,3489.33971619606,105,1040.7313232421875,4.003365516662598,999,309.90362548828125,1044.9486083984375,950.8946533203125,663.8289184570312,93.92488861083984,966.7478637695312,1035.58740234375,999,835,701.6932373046875,-140.2008514404297,97.68092346191406,999,420.6036376953125,1045.6875,1693585628.8856292,-47.64022445678711,lgp-long,mu+lambda-ga,reward-unhealthy_termination,ant,105,83500
836,92.22917938232422,1038.8477783203125,-45.97288131713867,836,3493.449836730957,105,1039.5867919921875,3.9922292232513428,999,358.5616455078125,1040.4195556640625,1038.089599609375,665.90185546875,95.6914291381836,987.1678466796875,1043.144287109375,999,836,713.027099609375,-54.79752731323242,91.92436981201172,999,451.779052734375,1044.5189208984375,1693585632.9957497,-50.573890686035156,lgp-long,mu+lambda-ga,reward-unhealthy_termination,ant,105,83600
837,75.88630676269531,1004.3204956054688,-61.98012924194336,837,3497.5582118034363,105,1032.8448486328125,4.005213737487793,999,319.2630310058594,1036.1229248046875,955.9823608398438,692.028564453125,52.63348388671875,979.3656616210938,1026.2064208984375,999,837,709.1217041015625,-93.73049926757812,91.01261138916016,999,479.66229248046875,1039.40673828125,1693585637.1041248,-68.69970703125,lgp-long,mu+lambda-ga,reward-unhealthy_termination,ant,105,83700
838,84.0548324584961,1014.9594116210938,-51.34560012817383,838,3501.665542602539,105,1040.57080078125,4.008542537689209,999,295.9096374511719,1041.3751220703125,1028.09765625,720.040771484375,89.4466781616211,993.477783203125,1040.8245849609375,999,838,717.9814453125,-58.517940521240234,94.97232818603516,999,559.26318359375,1042.4541015625,1693585641.2114556,-66.26342010498047,lgp-long,mu+lambda-ga,reward-unhealthy_termination,ant,105,83800
839,94.24083709716797,948.0341796875,-140.52439880371094,839,3505.772269487381,105,1042.6693115234375,4.008527755737305,999,317.9076232910156,1043.8406982421875,1042.9945068359375,682.7246704101562,93.15290832519531,969.6405029296875,953.8783569335938,999,839,703.2890625,-47.34834671020508,97.23009490966797,999,516.262939453125,1044.6500244140625,1693585645.3181825,-143.38255310058594,lgp-long,mu+lambda-ga,reward-unhealthy_termination,ant,105,83900
840,94.07821655273438,1040.3934326171875,-136.34417724609375,840,3509.8818831443787,105,1044.204833984375,4.009119987487793,999,332.6461181640625,1044.20751953125,1038.8128662109375,733.8692016601562,90.46529388427734,988.683349609375,947.0670776367188,999,840,833.4110107421875,-48.8438720703125,86.25182342529297,999,634.06396484375,1046.56689453125,1693585649.4277961,-50.875328063964844,lgp-long,mu+lambda-ga,reward-unhealthy_termination,ant,105,84000
841,89.8296890258789,1041.0032958984375,-43.3592643737793,841,3513.9904119968414,105,1039.94921875,4.006468772888184,999,10027.0966796875,1040.5694580078125,953.8629760742188,-280.264404296875,109.46904754638672,985.3986206054688,1044.3909912109375,999,841,830.0939331054688,-152.5646514892578,90.55062103271484,999,606.5859985351562,1043.181640625,1693585653.536325,-46.021156311035156,lgp-long,mu+lambda-ga,reward-unhealthy_termination,ant,105,84100
842,91.3311996459961,1041.125244140625,-55.666969299316406,842,3518.0988755226135,105,1041.076171875,4.007883548736572,999,343.32061767578125,1041.6826171875,1040.146728515625,675.39794921875,89.56905364990234,995.3438110351562,1033.9903564453125,999,842,702.94970703125,-46.619571685791016,92.4692611694336,999,511.3100891113281,1044.52734375,1693585657.6447885,-47.404327392578125,lgp-long,mu+lambda-ga,reward-unhealthy_termination,ant,105,84200
843,95.03704071044922,1039.250244140625,-148.94114685058594,843,3522.2056720256805,105,1039.2200927734375,4.007462501525879,999,266.2187805175781,1043.255615234375,1038.308349609375,707.7874145507812,102.14586639404297,976.8330078125,936.7214965820312,999,843,712.074951171875,-61.019317626953125,88.51778411865234,999,531.9553833007812,1043.857177734375,1693585661.751585,-52.969356536865234,lgp-long,mu+lambda-ga,reward-unhealthy_termination,ant,105,84300
844,99.33065032958984,1030.9012451171875,-49.50836944580078,844,3526.315001010895,105,1042.7532958984375,4.012307643890381,999,322.4908752441406,1046.6639404296875,1042.0008544921875,625.462158203125,86.049560546875,930.974609375,1043.37744140625,999,844,693.8712158203125,-41.2463264465332,95.69734191894531,999,408.5951843261719,1046.6856689453125,1693585665.860914,-65.61754608154297,lgp-long,mu+lambda-ga,reward-unhealthy_termination,ant,105,84400
845,65.58071899414062,987.9182739257812,-47.13383102416992,845,3530.4225091934204,105,1039.8758544921875,3.9991447925567627,999,408.3273620605469,1041.4619140625,938.8568725585938,621.8167114257812,78.73857116699219,972.3618774414062,1041.4344482421875,999,845,723.8500366210938,-136.98976135253906,91.37476348876953,999,409.0508117675781,1042.1510009765625,1693585669.9684222,-74.78582000732422,lgp-long,mu+lambda-ga,reward-unhealthy_termination,ant,105,84500
846,100.01163482666016,1037.7008056640625,-42.79923629760742,846,3534.5289418697357,105,1041.7694091796875,3.998281717300415,999,325.67938232421875,1045.013671875,1039.5579833984375,697.8706665039062,91.38455200195312,964.0006713867188,1043.7310791015625,999,846,738.468994140625,-49.022010803222656,89.3354721069336,999,555.4873657226562,1047.1376953125,1693585674.0748549,-59.50189208984375,lgp-long,mu+lambda-ga,reward-unhealthy_termination,ant,105,84600
847,98.6733627319336,922.8306884765625,-44.72849655151367,847,3538.9507732391357,105,1040.2947998046875,4.376023292541504,999,335.4891662597656,1041.307373046875,931.9428100585938,672.5835571289062,93.8328857421875,968.4392700195312,1043.332275390625,999,847,758.3526611328125,-159.0712890625,90.86266326904297,999,427.9427795410156,1045.7445068359375,1693585678.4966862,-173.0088348388672,lgp-long,mu+lambda-ga,reward-unhealthy_termination,ant,105,84700
848,88.8186264038086,1041.3870849609375,-162.93899536132812,848,3543.0446774959564,105,1041.7608642578125,3.9776861667633057,999,314.9987487792969,1042.1558837890625,1031.62890625,702.59912109375,98.94698333740234,979.9617309570312,921.4391479492188,999,848,728.355224609375,-64.50846099853516,87.22264862060547,999,543.2552490234375,1046.1878662109375,1693585682.5905905,-44.62702178955078,lgp-long,mu+lambda-ga,reward-unhealthy_termination,ant,105,84800
849,95.58026885986328,1039.4144287109375,-47.149391174316406,849,3547.1530911922455,105,1041.5906982421875,3.9777138233184814,999,337.98876953125,1043.4793701171875,930.0231323242188,694.610595703125,90.20484161376953,967.4091186523438,1042.3385009765625,999,849,710.371337890625,-157.3219757080078,92.28884887695312,999,585.010009765625,1046.2877197265625,1693585686.6990042,-53.359493255615234,lgp-long,mu+lambda-ga,reward-unhealthy_termination,ant,105,84900
850,78.77140045166016,1009.2633666992188,-45.60823059082031,850,3551.2604491710663,105,1038.8409423828125,3.978719472885132,999,325.0646667480469,1040.5521240234375,820.5724487304688,709.6802368164062,84.7888412475586,992.521728515625,1041.6634521484375,999,850,762.8822631835938,-261.3489685058594,90.0739974975586,999,503.0488586425781,1043.7354736328125,1693585690.8063622,-66.63674926757812,lgp-long,mu+lambda-ga,reward-unhealthy_termination,ant,105,85000
851,101.51526641845703,1041.25732421875,-47.52748489379883,851,3555.3678743839264,105,1041.9239501953125,3.9728081226348877,999,394.8325500488281,1041.95263671875,848.9091796875,650.7357177734375,81.46721649169922,982.585205078125,1040.6004638671875,999,851,757.0804443359375,-229.68569946289062,90.93260955810547,999,470.9208984375,1043.6434326171875,1693585694.9137874,-57.446136474609375,lgp-long,mu+lambda-ga,reward-unhealthy_termination,ant,105,85100
852,90.32152557373047,1045.8621826171875,-46.13274002075195,852,3559.4762601852417,105,1039.7156982421875,3.973525285720825,999,10023.189453125,1045.718505859375,1040.50341796875,-316.8991394042969,88.53106689453125,927.0916748046875,1042.4281005859375,999,852,752.7977294921875,-45.22037887573242,91.37039184570312,999,469.9914245605469,1047.380859375,1693585699.0221732,-41.65983200073242,lgp-long,mu+lambda-ga,reward-unhealthy_termination,ant,105,85200
853,91.58622741699219,1041.916748046875,-159.056396484375,853,3563.584366798401,105,1035.5089111328125,3.9791414737701416,999,348.13104248046875,1040.765869140625,1035.43115234375,659.6195068359375,85.30332946777344,974.075439453125,927.9225463867188,999,853,724.2225952148438,-47.06669235229492,89.80921936035156,999,483.1415100097656,1042.9307861328125,1693585703.1302798,-46.86344528198242,lgp-long,mu+lambda-ga,reward-unhealthy_termination,ant,105,85300
854,88.76769256591797,1040.5626220703125,-150.90939331054688,854,3567.6925559043884,105,1038.0531005859375,3.976003408432007,999,332.39288330078125,1040.8349609375,1038.2420654296875,674.5765991210938,92.43257141113281,980.0160522460938,943.34521484375,999,854,705.9967041015625,-51.38515090942383,97.09111785888672,999,495.9606628417969,1043.349609375,1693585707.238469,-45.39973068237305,lgp-long,mu+lambda-ga,reward-unhealthy_termination,ant,105,85400
855,89.67625427246094,1043.82080078125,-162.1079559326172,855,3571.800231695175,105,1040.74951171875,4.001897811889648,999,339.89825439453125,1043.325439453125,1024.4569091796875,649.1434326171875,101.18383026123047,977.5195922851562,926.4044189453125,999,855,702.38623046875,-73.90672302246094,91.34722900390625,999,445.5347595214844,1046.804443359375,1693585711.3461447,-43.05234909057617,lgp-long,mu+lambda-ga,reward-unhealthy_termination,ant,105,85500
856,89.40119934082031,1036.4580078125,-45.128963470458984,856,3575.9076058864594,105,1041.663330078125,3.993204116821289,999,342.6223449707031,1041.6763916015625,1035.01611328125,649.0114135742188,92.37439727783203,946.1842041015625,1043.5072021484375,999,856,705.3214721679688,-54.552825927734375,91.43025970458984,999,457.3021240234375,1044.5225830078125,1693585715.4535189,-50.12739181518555,lgp-long,mu+lambda-ga,reward-unhealthy_termination,ant,105,85600
857,96.35836029052734,947.3009643554688,-45.65501403808594,857,3580.015364408493,105,1041.890869140625,3.9950368404388428,999,355.9936218261719,1043.6357421875,1042.0703125,645.931640625,88.107177734375,969.4112548828125,1044.9317626953125,999,857,707.9176025390625,-43.22929763793945,93.39047241210938,999,369.9919128417969,1047.4866943359375,1693585719.5612774,-146.2275848388672,lgp-long,mu+lambda-ga,reward-unhealthy_termination,ant,105,85700
858,89.6364974975586,1036.556640625,-156.6781005859375,858,3584.122594356537,105,1038.392333984375,3.995676279067993,999,10021.3447265625,1039.4071044921875,1013.5845947265625,-350.4244384765625,93.20700073242188,966.0628051757812,932.9740600585938,999,858,722.9055786132812,-76.79953002929688,92.4826889038086,999,487.34759521484375,1041.71875,1693585723.6685073,-50.27842330932617,lgp-long,mu+lambda-ga,reward-unhealthy_termination,ant,105,85800
859,96.1690902709961,1035.3619384765625,-53.61098861694336,859,3588.2302265167236,105,1039.4193115234375,3.991147756576538,999,349.7158203125,1040.231689453125,825.9511108398438,654.4583129882812,90.14876556396484,916.9716186523438,1039.167236328125,999,859,722.6080322265625,-261.3297424316406,95.58358001708984,999,489.3962707519531,1042.7452392578125,1693585727.7761395,-58.00010299682617,lgp-long,mu+lambda-ga,reward-unhealthy_termination,ant,105,85900
860,84.6036148071289,1013.7071533203125,-42.5281982421875,860,3592.3368213176727,105,1039.8170166015625,3.990917682647705,999,287.6139221191406,1041.39404296875,1038.4031982421875,690.5433959960938,95.73572540283203,945.873779296875,1044.939208984375,999,860,709.1441650390625,-54.518653869628906,90.2739486694336,999,453.75970458984375,1046.068115234375,1693585731.8827343,-68.07423400878906,lgp-long,mu+lambda-ga,reward-unhealthy_termination,ant,105,86000
861,97.7656478881836,924.8101806640625,-46.146244049072266,861,3596.44469666481,105,1040.462158203125,4.004828453063965,999,10020.6708984375,1041.900390625,1036.9862060546875,-334.4295654296875,98.55467987060547,896.2776489257812,1043.1483154296875,999,861,716.3338623046875,-58.76118087768555,92.10079193115234,999,462.36517333984375,1042.87744140625,1693585735.9906096,-170.10537719726562,lgp-long,mu+lambda-ga,reward-unhealthy_termination,ant,105,86100
862,99.81298065185547,1040.5545654296875,-42.3939208984375,862,3600.554229259491,105,1046.3482666015625,4.000975608825684,999,288.54486083984375,1046.63427734375,1041.9627685546875,682.1062622070312,90.44567108154297,922.7516479492188,1046.0855712890625,999,862,720.4052124023438,-45.670955657958984,91.28204345703125,999,487.2698669433594,1048.5302734375,1693585740.1001422,-56.455596923828125,lgp-long,mu+lambda-ga,reward-unhealthy_termination,ant,105,86200
863,98.06488037109375,1024.3470458984375,-38.97468566894531,863,3604.6600816249847,105,1041.1771240234375,4.00905704498291,999,344.6526184082031,1042.086669921875,1040.978271484375,596.4877319335938,89.35684967041016,854.5662231445312,1047.7987060546875,999,863,669.7939453125,-45.57184982299805,89.57784271240234,999,378.1757507324219,1047.531494140625,1693585744.2059946,-70.90306854248047,lgp-long,mu+lambda-ga,reward-unhealthy_termination,ant,105,86300
864,94.77259063720703,1038.9266357421875,-43.326560974121094,864,3608.7764072418213,105,1043.834228515625,4.013052463531494,999,285.24127197265625,1047.836669921875,1041.579345703125,672.9364624023438,92.79833984375,892.4429931640625,1046.055908203125,999,864,705.5836791992188,-48.406131744384766,92.18270111083984,999,458.7406005859375,1048.1929931640625,1693585748.3223202,-53.04030227661133,lgp-long,mu+lambda-ga,reward-unhealthy_termination,ant,105,86400
865,89.37525177001953,1019.7796020507812,-45.88642501831055,865,3612.880220413208,105,1041.7200927734375,4.005560398101807,999,350.9898986816406,1043.1239013671875,1039.7657470703125,618.8507080078125,94.3082046508789,923.436279296875,1041.318603515625,999,865,707.7420043945312,-51.7356071472168,90.0194091796875,999,393.22650146484375,1043.40576171875,1693585752.4261334,-66.7894515991211,lgp-long,mu+lambda-ga,reward-unhealthy_termination,ant,105,86500
866,93.9565200805664,1035.99609375,-143.19033813476562,866,3616.986931324005,105,1039.5162353515625,4.016444206237793,999,313.0714111328125,1040.7843017578125,951.1729736328125,667.472900390625,94.9683609008789,953.0057373046875,950.5733642578125,999,866,727.75,-140.9636688232422,96.59232330322266,999,408.35015869140625,1043.9837646484375,1693585756.5328443,-55.1522102355957,lgp-long,mu+lambda-ga,reward-unhealthy_termination,ant,105,86600
867,92.40919494628906,1041.8004150390625,-42.98822784423828,867,3621.0958585739136,105,1040.8731689453125,4.017643928527832,999,336.71136474609375,1045.1864013671875,1038.5997314453125,670.5550537109375,108.4420166015625,936.4747924804688,1043.5880126953125,999,867,754.2142944335938,-66.79936981201172,89.37965393066406,999,488.61285400390625,1045.533203125,1693585760.6417716,-47.80365753173828,lgp-long,mu+lambda-ga,reward-unhealthy_termination,ant,105,86700
868,91.01222229003906,1041.224853515625,-47.96149826049805,868,3625.2045221328735,105,1038.439697265625,4.013904571533203,999,291.1612243652344,1041.2559814453125,828.0922241210938,689.2032470703125,90.84777069091797,933.955322265625,1041.8421630859375,999,868,707.5643310546875,-259.8840026855469,92.61267852783203,999,514.7439575195312,1043.2877197265625,1693585764.750435,-46.98281478881836,lgp-long,mu+lambda-ga,reward-unhealthy_termination,ant,105,86800
869,93.7643051147461,1023.6691284179688,-45.841617584228516,869,3629.310730934143,105,1041.3184814453125,4.011451244354248,999,286.80499267578125,1041.6646728515625,1002.2521362304688,707.4588623046875,97.59203338623047,979.796142578125,1042.412353515625,999,869,725.5908203125,-92.5250473022461,91.0570297241211,999,516.8976440429688,1044.1173095703125,1693585768.856644,-67.27870178222656,lgp-long,mu+lambda-ga,reward-unhealthy_termination,ant,105,86900
870,94.00102233886719,938.130859375,-47.575321197509766,870,3633.4196372032166,105,1039.4547119140625,4.012153625488281,999,305.0777587890625,1040.981201171875,927.5001220703125,641.0625,90.3879623413086,881.709716796875,1040.0257568359375,999,870,692.94921875,-160.05455017089844,90.3992919921875,999,450.452392578125,1042.2359619140625,1693585772.9655502,-153.03822326660156,lgp-long,mu+lambda-ga,reward-unhealthy_termination,ant,105,87000
871,89.08470916748047,1042.4349365234375,-48.75742721557617,871,3637.5285353660583,105,1039.12158203125,4.005067825317383,999,345.9979553222656,1040.69580078125,930.5513916015625,643.8248901367188,92.26070404052734,921.351318359375,1037.4847412109375,999,871,700.4443359375,-158.87608337402344,89.04898834228516,999,482.50579833984375,1040.69873046875,1693585777.0744483,-43.84542465209961,lgp-long,mu+lambda-ga,reward-unhealthy_termination,ant,105,87100
872,97.14327239990234,1037.367919921875,-65.06990814208984,872,3641.6349709033966,105,1035.56103515625,4.011703014373779,999,313.94915771484375,1040.157470703125,1025.3065185546875,653.681396484375,95.93986511230469,951.68310546875,1039.702392578125,999,872,707.66552734375,-67.81841278076172,107.75908660888672,999,422.30316162109375,1044.6905517578125,1693585781.180884,-56.96771240234375,lgp-long,mu+lambda-ga,reward-unhealthy_termination,ant,105,87200
873,90.88176727294922,1040.886474609375,-52.203529357910156,873,3645.743272781372,105,1038.654541015625,4.001036643981934,999,321.46026611328125,1040.974365234375,1040.2415771484375,646.1064453125,97.97396087646484,935.1143798828125,1040.7802734375,999,873,698.1009521484375,-54.91990280151367,95.79235076904297,999,426.839599609375,1046.3406982421875,1693585785.2891858,-47.18768310546875,lgp-long,mu+lambda-ga,reward-unhealthy_termination,ant,105,87300
874,92.81494140625,1038.439453125,-38.70750045776367,874,3649.8520221710205,105,1041.6756591796875,4.006943702697754,999,279.1942138671875,1043.3272705078125,964.6290893554688,672.5369873046875,98.44332122802734,882.034423828125,1029.64404296875,999,874,708.2198486328125,-130.9878387451172,71.2124252319336,999,498.9681396484375,1046.182373046875,1693585789.3979352,-51.569366455078125,lgp-long,mu+lambda-ga,reward-unhealthy_termination,ant,105,87400
875,86.81600189208984,1022.1867065429688,-155.7187957763672,875,3653.9611167907715,105,1043.90673828125,3.975257635116577,999,306.9466552734375,1045.75537109375,945.0792846679688,621.9135131835938,95.0948486328125,865.1134033203125,924.6049194335938,999,875,667.287109375,-147.18150329589844,83.16765594482422,999,426.4649963378906,1046.18798828125,1693585793.5070298,-61.795589447021484,lgp-long,mu+lambda-ga,reward-unhealthy_termination,ant,105,87500
876,91.59532165527344,1042.2081298828125,-59.59364700317383,876,3658.066809654236,105,1041.798583984375,4.0022687911987305,999,323.705810546875,1043.072998046875,953.60693359375,685.7557373046875,95.43102264404297,976.0594482421875,1042.5477294921875,999,876,723.10595703125,-138.98663330078125,105.16845703125,999,477.6619567871094,1043.8065185546875,1693585797.6127226,-46.58203125,lgp-long,mu+lambda-ga,reward-unhealthy_termination,ant,105,87600
877,98.9776382446289,1040.3623046875,-59.451873779296875,877,3662.1743240356445,105,1041.1876220703125,4.006960391998291,999,333.44390869140625,1043.1376953125,1040.4896240234375,700.0162963867188,99.30887603759766,989.0202026367188,1035.7176513671875,999,877,786.3634033203125,-56.00734329223633,97.98308563232422,999,531.0432739257812,1043.914306640625,1693585801.720237,-55.802978515625,lgp-long,mu+lambda-ga,reward-unhealthy_termination,ant,105,87700
878,87.78524017333984,1044.1201171875,-45.64408493041992,878,3666.2818558216095,105,1043.1414794921875,4.001650333404541,999,331.0788879394531,1045.0166015625,1040.6331787109375,667.4634399414062,87.92520141601562,962.6865844726562,1044.027099609375,999,878,708.9723510742188,-44.488197326660156,92.47740173339844,999,464.98046875,1046.6793212890625,1693585805.8277688,-40.86211395263672,lgp-long,mu+lambda-ga,reward-unhealthy_termination,ant,105,87800
879,91.07342529296875,921.5462036132812,-42.54374694824219,879,3670.389445543289,105,1039.0196533203125,4.0056915283203125,999,303.6949462890625,1039.696044921875,931.7068481445312,694.6091918945312,100.83660888671875,968.8492431640625,1045.1365966796875,999,879,716.323974609375,-166.22132873535156,90.4885482788086,999,528.9053955078125,1044.74658203125,1693585809.9353585,-166.6954345703125,lgp-long,mu+lambda-ga,reward-unhealthy_termination,ant,105,87900
880,74.59844970703125,926.1464233398438,-46.83273696899414,880,3674.4967663288116,105,1042.480224609375,4.003983020782471,999,307.3316955566406,1043.9381103515625,1040.1373291015625,711.1482543945312,90.43556213378906,985.3905639648438,1041.6065673828125,999,880,740.5631103515625,-47.49055099487305,91.24897766113281,999,521.1212158203125,1047.452880859375,1693585814.0426793,-145.59097290039062,lgp-long,mu+lambda-ga,reward-unhealthy_termination,ant,105,88000
881,104.7801513671875,1032.4390869140625,-64.4000473022461,881,3678.604860305786,105,1041.714111328125,4.003095626831055,999,10017.642578125,1042.8604736328125,944.2628173828125,-380.9503479003906,83.20967102050781,902.5307006835938,1036.4183349609375,999,881,674.8570556640625,-136.10214233398438,103.627197265625,999,391.41302490234375,1042.968505859375,1693585818.1507733,-69.51885223388672,lgp-long,mu+lambda-ga,reward-unhealthy_termination,ant,105,88100
882,86.75444793701172,827.41064453125,-41.21521759033203,882,3682.713188648224,105,1041.8306884765625,3.9976351261138916,999,303.8028869628906,1042.400634765625,927.6671752929688,671.1085205078125,88.89568328857422,948.9103393554688,1043.66259765625,999,882,706.7293701171875,-158.39430236816406,87.67854309082031,999,463.4421081542969,1046.073974609375,1693585822.2591016,-256.47711181640625,lgp-long,mu+lambda-ga,reward-unhealthy_termination,ant,105,88200
883,91.13578033447266,930.482421875,-131.40374755859375,883,3686.8214433193207,105,1037.0069580078125,3.9949874877929688,999,308.2214050292969,1038.258544921875,953.5554809570312,641.8583984375,104.65625,888.4798583984375,967.3458862304688,999,883,693.228759765625,-148.25918579101562,101.57972717285156,999,410.78411865234375,1042.0906982421875,1693585826.3673563,-157.82301330566406,lgp-long,mu+lambda-ga,reward-unhealthy_termination,ant,105,88300
884,83.01908111572266,947.9988403320312,-44.913814544677734,884,3690.9287424087524,105,1041.5428466796875,3.9936363697052,999,316.3247375488281,1042.1842041015625,944.5183715820312,600.4468383789062,96.20954132080078,866.4442749023438,1042.5389404296875,999,884,676.0640869140625,-148.8545379638672,90.25868225097656,999,391.0018005371094,1043.604248046875,1693585830.4746554,-132.15350341796875,lgp-long,mu+lambda-ga,reward-unhealthy_termination,ant,105,88400
885,106.2853775024414,1039.43603515625,-57.409358978271484,885,3695.0368592739105,105,1039.0430908203125,3.990875720977783,999,288.44610595703125,1040.356689453125,1038.5264892578125,632.5128784179688,90.8366470336914,884.0411376953125,1030.0882568359375,999,885,638.4027099609375,-49.50368881225586,90.31200408935547,999,422.5751647949219,1041.67138671875,1693585834.5827723,-63.8703498840332,lgp-long,mu+lambda-ga,reward-unhealthy_termination,ant,105,88500
886,92.91358947753906,950.9443359375,-98.9560546875,886,3699.144641637802,105,1042.6719970703125,4.001315116882324,999,298.7666320800781,1042.8035888671875,1044.694091796875,645.8316040039062,91.5201644897461,867.3550415039062,992.4584350585938,999,886,695.138916015625,-44.02895736694336,94.23509979248047,999,441.86859130859375,1042.934326171875,1693585838.6905546,-139.14572143554688,lgp-long,mu+lambda-ga,reward-unhealthy_termination,ant,105,88600
887,88.8416748046875,950.6412963867188,-155.7502899169922,887,3703.2521727085114,105,1041.0845947265625,3.9796831607818604,999,317.09747314453125,1042.100830078125,829.6848754882812,625.997314453125,83.28829193115234,900.4202880859375,935.234375,999,887,670.2650146484375,-250.7246856689453,93.81922912597656,999,435.39208984375,1043.27783203125,1693585842.7980857,-135.35928344726562,lgp-long,mu+lambda-ga,reward-unhealthy_termination,ant,105,88700
888,90.95337677001953,1044.7991943359375,-47.78507995605469,888,3707.3620369434357,105,1038.54443359375,3.972790002822876,999,279.2186584472656,1042.6868896484375,1038.2850341796875,673.356689453125,106.75233459472656,888.5025024414062,1041.2998046875,999,888,699.3876953125,-65.44627380371094,91.8953628540039,999,500.40673828125,1043.550537109375,1693585846.90795,-43.34847640991211,lgp-long,mu+lambda-ga,reward-unhealthy_termination,ant,105,88800
889,96.02239227294922,1034.5750732421875,-159.7757568359375,889,3711.467690229416,105,1038.2724609375,3.9783945083618164,999,329.5690612792969,1040.4715576171875,982.3314819335938,637.6495361328125,82.56472778320312,951.5669555664062,932.5524291992188,999,889,677.448486328125,-97.21569061279297,95.16035461425781,999,416.17156982421875,1044.255126953125,1693585851.0136032,-58.63825225830078,lgp-long,mu+lambda-ga,reward-unhealthy_termination,ant,105,88900
890,76.17288970947266,982.4337768554688,-56.970436096191406,890,3715.5768785476685,105,1036.687744140625,3.9725306034088135,999,345.68890380859375,1040.3372802734375,949.5001220703125,617.17724609375,95.81792449951172,937.7142944335938,1037.629638671875,999,890,680.57421875,-143.4921112060547,97.41301727294922,999,419.19085693359375,1040.455322265625,1693585855.1227915,-90.87127685546875,lgp-long,mu+lambda-ga,reward-unhealthy_termination,ant,105,89000
891,95.25186920166016,1040.3447265625,-150.79307556152344,891,3719.6854350566864,105,1040.3031005859375,3.9757068157196045,999,375.8470764160156,1041.009033203125,1038.318115234375,580.0803833007812,101.55834197998047,906.8682861328125,924.189453125,999,891,647.1231689453125,-60.2706184387207,77.83656311035156,999,328.3465881347656,1045.1478271484375,1693585859.231348,-52.10286331176758,lgp-long,mu+lambda-ga,reward-unhealthy_termination,ant,105,89100
892,103.5128402709961,928.2792358398438,-163.20619201660156,892,3723.793026447296,105,1039.1937255859375,3.9769277572631836,999,336.2393493652344,1040.060546875,1033.7069091796875,594.71044921875,99.12964630126953,861.708251953125,928.1813354492188,999,892,627.7747802734375,-62.610145568847656,94.21056365966797,999,395.9581604003906,1040.5909423828125,1693585863.3389394,-172.28872680664062,lgp-long,mu+lambda-ga,reward-unhealthy_termination,ant,105,89200
893,94.36368560791016,1036.1116943359375,-144.18789672851562,893,3727.901835680008,105,1038.878662109375,3.9732961654663086,999,330.4402770996094,1039.9100341796875,963.7112426757812,608.0228881835938,92.48713684082031,876.7275390625,949.3053588867188,999,893,687.5896606445312,-125.93212127685547,96.31832885742188,999,407.1346435546875,1045.2264404296875,1693585867.4477487,-55.44343185424805,lgp-long,mu+lambda-ga,reward-unhealthy_termination,ant,105,89300
894,91.2851791381836,933.8443603515625,-55.465606689453125,894,3732.0104360580444,105,1044.1978759765625,3.9737212657928467,999,324.3160095214844,1046.7967529296875,938.796875,612.0577392578125,97.1461181640625,870.3463745117188,1030.2000732421875,999,894,666.3275146484375,-155.51617431640625,88.49041748046875,999,427.12908935546875,1049.36376953125,1693585871.556349,-154.60911560058594,lgp-long,mu+lambda-ga,reward-unhealthy_termination,ant,105,89400
895,104.48148345947266,868.8544921875,-48.1956672668457,895,3736.118728160858,105,1039.99365234375,3.974494695663452,999,307.1822204589844,1040.337890625,932.5601806640625,619.1306762695312,93.2153091430664,872.2611083984375,1039.6966552734375,999,895,647.6265258789062,-157.82347106933594,90.69463348388672,999,432.001953125,1042.244140625,1693585875.6646411,-232.77256774902344,lgp-long,mu+lambda-ga,reward-unhealthy_termination,ant,105,89500
896,94.34735870361328,929.2027587890625,-41.86466979980469,896,3740.22718834877,105,1036.6727294921875,3.975067138671875,999,281.34686279296875,1039.10009765625,926.2269897460938,640.3771362304688,88.00245666503906,867.3701782226562,1045.98486328125,999,896,687.5645751953125,-158.9311065673828,90.65376281738281,999,452.55059814453125,1045.9033203125,1693585879.7731013,-162.2923583984375,lgp-long,mu+lambda-ga,reward-unhealthy_termination,ant,105,89600
897,77.9337387084961,1016.3822631835938,-146.65089416503906,897,3744.334095478058,105,1038.9061279296875,3.9767372608184814,999,313.1756591796875,1039.446044921875,1031.7147216796875,650.3416137695312,101.6327133178711,971.594482421875,946.1332397460938,999,897,707.684326171875,-66.9374008178711,95.61136627197266,999,377.416015625,1042.192626953125,1693585883.8800085,-58.71429443359375,lgp-long,mu+lambda-ga,reward-unhealthy_termination,ant,105,89700
898,95.6196060180664,1013.0027465820312,-56.6448974609375,898,3748.441057443619,105,1039.586181640625,3.972238779067993,999,345.4725036621094,1040.9974365234375,1036.0347900390625,609.490966796875,97.5522689819336,876.423583984375,1039.7391357421875,999,898,689.202880859375,-58.704078674316406,99.1927719116211,999,399.50146484375,1042.8961181640625,1693585887.9869704,-79.63734436035156,lgp-long,mu+lambda-ga,reward-unhealthy_termination,ant,105,89800
899,92.66668701171875,1043.0584716796875,-51.7090950012207,899,3752.5531005859375,105,1040.8961181640625,3.971557855606079,999,301.4915466308594,1043.254638671875,947.748046875,660.2155151367188,97.9546127319336,927.3580932617188,1041.88671875,999,899,701.4508056640625,-147.37332153320312,96.40495300292969,999,430.91455078125,1045.048828125,1693585892.0990136,-46.79990005493164,lgp-long,mu+lambda-ga,reward-unhealthy_termination,ant,105,89900
900,91.81794738769531,1041.4857177734375,-118.47676849365234,900,3756.6588468551636,105,1040.083251953125,3.9736063480377197,999,384.303466796875,1042.121826171875,1037.8553466796875,605.9013061523438,101.5898666381836,881.396728515625,965.4904174804688,999,900,689.6363525390625,-60.92580032348633,86.94197845458984,999,421.92840576171875,1043.803955078125,1693585896.2047598,-47.525482177734375,lgp-long,mu+lambda-ga,reward-unhealthy_termination,ant,105,90000
901,83.85881042480469,937.9459228515625,-49.438560485839844,901,3760.7668623924255,105,1040.1805419921875,3.982337236404419,999,348.06927490234375,1041.2969970703125,1036.1260986328125,629.549560546875,87.18687438964844,925.6918334960938,1031.84619140625,999,901,690.606201171875,-48.24559020996094,84.10102081298828,999,420.7169494628906,1044.9847412109375,1693585900.3127754,-143.07315063476562,lgp-long,mu+lambda-ga,reward-unhealthy_termination,ant,105,90100
902,101.34080505371094,1030.4495849609375,-149.88368225097656,902,3764.877836227417,105,1040.0174560546875,3.9824717044830322,999,10016.06640625,1040.25830078125,1039.3621826171875,-399.10931396484375,92.23542785644531,854.8330078125,946.7105712890625,999,902,692.7581176757812,-50.06865310668945,99.4968490600586,999,414.57684326171875,1045.598876953125,1693585904.4237492,-68.07951354980469,lgp-long,mu+lambda-ga,reward-unhealthy_termination,ant,105,90200
903,97.50453186035156,1028.3040771484375,-49.17451858520508,903,3768.988445997238,105,1043.2059326171875,3.981914758682251,999,307.5015869140625,1043.8389892578125,939.302734375,708.4038696289062,98.24791717529297,987.4773559570312,1042.1761474609375,999,903,764.4031982421875,-156.10601806640625,94.15906524658203,999,548.5319213867188,1047.383056640625,1693585908.534359,-66.39031219482422,lgp-long,mu+lambda-ga,reward-unhealthy_termination,ant,105,90300
904,93.63866424560547,1042.019775390625,-60.1945915222168,904,3773.0934929847717,105,1041.045166015625,3.99682879447937,999,299.8064880371094,1044.4307861328125,942.4099731445312,697.0004272460938,85.38102722167969,993.786376953125,1038.080078125,999,904,732.47265625,-140.1302947998047,101.08888244628906,999,470.1330261230469,1045.4151611328125,1693585912.639406,-48.81538009643555,lgp-long,mu+lambda-ga,reward-unhealthy_termination,ant,105,90400
905,95.6413345336914,824.6438598632812,-59.5723876953125,905,3777.20157790184,105,1040.166259765625,3.983729839324951,999,318.6745300292969,1040.4400634765625,896.1680908203125,644.7100219726562,82.60501861572266,920.5692749023438,1033.9486083984375,999,905,700.3245849609375,-183.54180908203125,96.34778594970703,999,437.59796142578125,1042.1702880859375,1693585916.747491,-268.1407165527344,lgp-long,mu+lambda-ga,reward-unhealthy_termination,ant,105,90500
906,87.3789291381836,1027.6885986328125,-42.99774169921875,906,3781.3099076747894,105,1042.57763671875,3.9689455032348633,999,330.0086975097656,1044.6710205078125,1036.5318603515625,638.5577392578125,84.8866195678711,930.7880249023438,1042.0911865234375,999,906,686.173828125,-45.52846145629883,87.89527130126953,999,450.5238037109375,1045.095947265625,1693585920.8558207,-56.86882400512695,lgp-long,mu+lambda-ga,reward-unhealthy_termination,ant,105,90600
907,90.6334457397461,1039.8995361328125,-49.45155715942383,907,3785.416781425476,105,1041.031494140625,3.9693753719329834,999,335.2342529296875,1042.9271240234375,925.3523559570312,622.3681640625,98.48038482666016,929.9939575195312,1038.3443603515625,999,907,604.1754760742188,-170.29727172851562,90.6061782836914,999,450.9195556640625,1043.8172607421875,1693585924.9626944,-47.927452087402344,lgp-long,mu+lambda-ga,reward-unhealthy_termination,ant,105,90700
908,87.869384765625,946.7488403320312,-53.78211212158203,908,3789.5268149375916,105,1043.834228515625,3.970398187637329,999,351.1885681152344,1044.2694091796875,956.1982421875,629.9812622070312,98.7047348022461,972.3011474609375,1038.5433349609375,999,908,684.1119384765625,-139.67752075195312,95.1386947631836,999,390.11248779296875,1046.8255615234375,1693585929.072728,-138.28500366210938,lgp-long,mu+lambda-ga,reward-unhealthy_termination,ant,105,90800
909,93.5508041381836,1040.9739990234375,-41.236549377441406,909,3793.6348383426666,105,1039.6312255859375,3.975198745727539,999,295.2655029296875,1040.3441162109375,1040.1820068359375,713.6209716796875,105.61388397216797,961.330322265625,1045.918701171875,999,909,742.6483154296875,-62.61365509033203,89.96134948730469,999,577.7440185546875,1046.8699951171875,1693585933.1807513,-49.769561767578125,lgp-long,mu+lambda-ga,reward-unhealthy_termination,ant,105,90900
910,96.09398651123047,946.8982543945312,-56.304779052734375,910,3797.7421791553497,105,1042.298583984375,3.978839874267578,999,354.4762268066406,1042.466552734375,934.3289184570312,639.7728271484375,88.1214828491211,966.6766967773438,1045.083740234375,999,910,707.3631591796875,-150.95501708984375,104.19844818115234,999,374.1656494140625,1043.25390625,1693585937.2880921,-146.3644256591797,lgp-long,mu+lambda-ga,reward-unhealthy_termination,ant,105,91000
911,91.4863510131836,1040.8267822265625,-45.471710205078125,911,3801.8508608341217,105,1041.1873779296875,3.9989845752716064,999,310.9656066894531,1043.386962890625,1041.7850341796875,608.8251342773438,105.2763671875,879.2020263671875,1043.7088623046875,999,911,631.5661010742188,-60.67679977416992,91.98817443847656,999,413.97686767578125,1045.215576171875,1693585941.3967738,-47.85144805908203,lgp-long,mu+lambda-ga,reward-unhealthy_termination,ant,105,91100
912,93.88923645019531,946.41015625,-44.73872756958008,912,3805.961211204529,105,1042.571044921875,4.001110076904297,999,10016.560546875,1042.6297607421875,945.7232666015625,-394.8505859375,104.17435455322266,903.73388671875,1044.7615966796875,999,912,646.451171875,-155.5123291015625,92.29852294921875,999,409.10345458984375,1044.4312744140625,1693585945.5071242,-144.6443328857422,lgp-long,mu+lambda-ga,reward-unhealthy_termination,ant,105,91200
913,81.6758041381836,822.2003784179688,-54.2858772277832,913,3810.069237470627,105,1039.2576904296875,3.9969451427459717,999,361.7484436035156,1043.2193603515625,948.07568359375,606.7642211914062,94.909423828125,860.9361572265625,1046.1883544921875,999,913,697.130859375,-144.00198364257812,103.28055572509766,999,405.2406005859375,1048.0950927734375,1693585949.6151505,-256.601806640625,lgp-long,mu+lambda-ga,reward-unhealthy_termination,ant,105,91300
914,82.5556411743164,918.1774291992188,-45.42947769165039,914,3814.1772105693817,105,1040.421875,3.9954237937927246,999,318.969970703125,1042.3719482421875,1035.52197265625,648.988037109375,75.32300567626953,967.0887451171875,1043.64013671875,999,914,699.525390625,-36.9795036315918,91.87105560302734,999,426.6593933105469,1043.0648193359375,1693585953.7231236,-161.5204315185547,lgp-long,mu+lambda-ga,reward-unhealthy_termination,ant,105,91400
915,105.02796936035156,1032.761474609375,-160.87713623046875,915,3818.283769130707,105,1042.8424072265625,3.9953789710998535,999,391.2076721191406,1042.961669921875,1039.7625732421875,636.6668090820312,97.38113403320312,980.955078125,930.7782592773438,999,915,747.2088623046875,-54.81587600708008,94.48278045654297,999,453.8477783203125,1045.0850830078125,1693585957.829682,-69.45052337646484,lgp-long,mu+lambda-ga,reward-unhealthy_termination,ant,105,91500
916,76.20931243896484,1015.2794799804688,-46.166683197021484,916,3822.3938121795654,105,1038.955078125,3.998317003250122,999,299.22052001953125,1042.060546875,1031.3021240234375,652.4819946289062,103.636474609375,923.4716186523438,1040.6923828125,999,916,697.6387329101562,-69.51837158203125,89.66243743896484,999,434.1922912597656,1043.5220947265625,1693585961.9397252,-58.06160354614258,lgp-long,mu+lambda-ga,reward-unhealthy_termination,ant,105,91600
917,88.93067932128906,946.1537475585938,-148.37435913085938,917,3826.5029561519623,105,1041.09765625,4.004203796386719,999,329.16986083984375,1041.635986328125,976.0658569335938,655.1768798828125,72.11829376220703,962.4324951171875,938.6083984375,999,917,707.832763671875,-93.1933822631836,89.81819915771484,999,478.57171630859375,1042.3355712890625,1693585966.0488691,-139.94784545898438,lgp-long,mu+lambda-ga,reward-unhealthy_termination,ant,105,91700
918,110.65228271484375,1021.78857421875,-104.9583969116211,918,3830.611939430237,105,1038.335693359375,4.002328395843506,999,367.79998779296875,1040.72509765625,940.150390625,670.66015625,108.9367904663086,977.3204345703125,990.9974975585938,999,918,724.580078125,-165.8429412841797,98.77291107177734,999,542.5408325195312,1041.53369140625,1693585970.1578524,-85.88143157958984,lgp-long,mu+lambda-ga,reward-unhealthy_termination,ant,105,91800
919,91.6224594116211,935.4957885742188,-54.01689529418945,919,3834.7202847003937,105,1042.58349609375,3.993654727935791,999,360.5799255371094,1044.0592041015625,977.2766723632812,657.2298583984375,72.42964935302734,985.6834716796875,1043.9024658203125,999,919,725.8804931640625,-92.2890396118164,100.72762298583984,999,505.9953918457031,1046.2442626953125,1693585974.2661977,-153.2954559326172,lgp-long,mu+lambda-ga,reward-unhealthy_termination,ant,105,91900
920,92.90103912353516,1041.014404296875,-162.55648803710938,920,3838.8273663520813,105,1042.901611328125,3.9926257133483887,999,342.8507080078125,1043.8353271484375,1041.9632568359375,672.5619506835938,91.26823425292969,986.7227172851562,940.2592163085938,999,920,719.4719848632812,-46.50146484375,105.6507339477539,999,460.86810302734375,1044.50537109375,1693585978.3732793,-49.08334732055664,lgp-long,mu+lambda-ga,reward-unhealthy_termination,ant,105,92000
921,89.52620697021484,1042.003662109375,-152.71580505371094,921,3842.935276031494,105,1043.3922119140625,4.013463973999023,999,10021.0380859375,1043.9371337890625,1036.7552490234375,-349.2683410644531,100.59646606445312,926.2868041992188,951.5570678710938,999,921,697.1114501953125,-61.03199005126953,107.11726379394531,999,511.6481018066406,1047.5462646484375,1693585982.481189,-44.71718978881836,lgp-long,mu+lambda-ga,reward-unhealthy_termination,ant,105,92100
922,89.5991439819336,1037.9356689453125,-109.92952728271484,922,3847.0454592704773,105,1041.4156494140625,4.009793758392334,999,326.69732666015625,1041.5950927734375,943.70361328125,686.7537231445312,101.73253631591797,958.2975463867188,949.6593627929688,999,922,777.578857421875,-155.19601440429688,62.47500228881836,999,491.3394775390625,1042.178466796875,1693585986.5913723,-48.85895538330078,lgp-long,mu+lambda-ga,reward-unhealthy_termination,ant,105,92200
923,101.42916870117188,1025.0057373046875,-57.51168441772461,923,3851.155399799347,105,1041.9854736328125,4.00982141494751,999,330.2601013183594,1044.9527587890625,1032.5863037109375,669.443115234375,99.6726303100586,967.8202514648438,1044.9822998046875,999,923,707.3234252929688,-64.27234649658203,105.30802154541016,999,503.5872802734375,1046.964111328125,1693585990.7013128,-73.59916687011719,lgp-long,mu+lambda-ga,reward-unhealthy_termination,ant,105,92300
924,91.76025390625,1039.9134521484375,-159.2783203125,924,3855.2629783153534,105,1041.853515625,4.014795303344727,999,378.3390197753906,1042.2547607421875,1034.4964599609375,646.0515747070312,96.96247100830078,972.5423583984375,941.0181884765625,999,924,728.97265625,-59.64850997924805,103.1221694946289,999,469.79351806640625,1047.927490234375,1693585994.8088913,-49.040992736816406,lgp-long,mu+lambda-ga,reward-unhealthy_termination,ant,105,92400
925,101.8244857788086,1044.6580810546875,-48.08309555053711,925,3859.3726007938385,105,1044.2403564453125,4.011424541473389,999,344.1973876953125,1046.95263671875,947.5219116210938,659.3516845703125,92.93843841552734,968.2930908203125,1049.148681640625,999,925,704.0059814453125,-142.5829620361328,100.03414154052734,999,425.98004150390625,1048.427490234375,1693585998.9185138,-54.35954666137695,lgp-long,mu+lambda-ga,reward-unhealthy_termination,ant,105,92500
926,99.91124725341797,1044.2479248046875,-55.67195510864258,926,3863.4808945655823,105,1043.896240234375,4.004570484161377,999,288.56561279296875,1047.2437744140625,946.7479858398438,713.1410522460938,105.0972671508789,973.9584350585938,1048.6307373046875,999,926,734.13818359375,-155.5093994140625,107.10909271240234,999,530.8123779296875,1049.3829345703125,1693586003.0268075,-52.84949493408203,lgp-long,mu+lambda-ga,reward-unhealthy_termination,ant,105,92600
927,105.42976379394531,944.4806518554688,-54.652740478515625,927,3867.588608264923,105,1039.3487548828125,4.007327556610107,999,318.0581970214844,1043.031494140625,953.0608520507812,729.0765380859375,104.3143539428711,988.4605712890625,1048.5758056640625,999,927,825.8612060546875,-148.41490173339844,106.04463958740234,999,597.55126953125,1047.1949462890625,1693586007.1345212,-158.1209716796875,lgp-long,mu+lambda-ga,reward-unhealthy_termination,ant,105,92700
928,106.68912506103516,1040.5394287109375,-150.94113159179688,928,3871.6991522312164,105,1043.2288818359375,4.007120609283447,999,301.5062255859375,1050.628662109375,1031.40673828125,727.3598022460938,98.3255386352539,994.8416137695312,948.59423828125,999,928,820.8126220703125,-64.10576629638672,102.36424255371094,999,521.2782592773438,1050.6390380859375,1693586011.2450652,-63.33747100830078,lgp-long,mu+lambda-ga,reward-unhealthy_termination,ant,105,92800
929,108.86592102050781,1028.0169677734375,-65.0368423461914,929,3875.8063547611237,105,1043.7242431640625,4.007258892059326,999,325.9218444824219,1046.4132080078125,1043.3333740234375,681.8336791992188,102.36346435546875,989.1019287109375,1020.5595703125,999,929,753.1407470703125,-56.2178955078125,88.42887878417969,999,487.8055114746094,1047.33544921875,1693586015.3522677,-78.02989959716797,lgp-long,mu+lambda-ga,reward-unhealthy_termination,ant,105,92900
930,104.12889862060547,1041.822265625,-58.25983810424805,930,3879.9166634082794,105,1043.618896484375,4.007740020751953,999,305.1876525878906,1045.7467041015625,1039.3978271484375,699.1197509765625,103.0169448852539,994.8250732421875,1042.6370849609375,999,930,717.8525390625,-60.80271530151367,103.7090835571289,999,496.8461608886719,1047.52734375,1693586019.4625764,-59.502437591552734,lgp-long,mu+lambda-ga,reward-unhealthy_termination,ant,105,93000
931,97.05646514892578,1039.74853515625,-58.05097579956055,931,3884.02446269989,105,1045.4293212890625,4.008708477020264,999,296.5204772949219,1047.2012939453125,1047.022216796875,696.106689453125,97.7076644897461,947.6376342773438,1036.2119140625,999,931,705.25830078125,-47.883541107177734,97.0825424194336,999,500.62939453125,1048.90185546875,1693586023.5703757,-54.49482345581055,lgp-long,mu+lambda-ga,reward-unhealthy_termination,ant,105,93100
932,112.12837219238281,948.7760009765625,-65.45870971679688,932,3888.134073495865,105,1042.7967529296875,4.001949787139893,999,264.07623291015625,1043.372314453125,937.50048828125,737.7979736328125,100.20970916748047,991.429443359375,1038.1063232421875,999,932,759.4324951171875,-159.8824920654297,106.3854751586914,999,572.8655395507812,1046.88427734375,1693586027.6799865,-160.35047912597656,lgp-long,mu+lambda-ga,reward-unhealthy_termination,ant,105,93200
933,99.67565155029297,1041.395263671875,-153.0092315673828,933,3892.2417879104614,105,1044.14453125,3.999924421310425,999,332.9150390625,1045.06298828125,1041.46337890625,702.158447265625,94.84376525878906,978.2657470703125,946.6719970703125,999,933,770.650390625,-50.57073211669922,102.515869140625,999,558.57958984375,1045.7926025390625,1693586031.787701,-55.47480392456055,lgp-long,mu+lambda-ga,reward-unhealthy_termination,ant,105,93300
934,113.5277328491211,929.6905517578125,-65.57088470458984,934,3896.351054906845,105,1040.0345458984375,3.999584674835205,999,311.6119689941406,1044.268798828125,1040.250244140625,660.549072265625,99.60680389404297,929.9288330078125,1029.2127685546875,999,934,701.4017944335938,-56.553646087646484,97.6012954711914,999,416.8154296875,1048.9901123046875,1693586035.896968,-180.98794555664062,lgp-long,mu+lambda-ga,reward-unhealthy_termination,ant,105,93400
935,85.25823974609375,1032.4527587890625,-159.0353240966797,935,3900.461771965027,105,1045.3857421875,4.0066657066345215,999,273.0424499511719,1045.54638671875,1040.9830322265625,671.5848388671875,104.59059143066406,919.460205078125,938.6355590820312,999,935,688.2491455078125,-60.7994384765625,100.49476623535156,999,466.16912841796875,1046.689697265625,1693586040.007685,-49.946815490722656,lgp-long,mu+lambda-ga,reward-unhealthy_termination,ant,105,93500
936,101.99681091308594,1038.796142578125,-52.881752014160156,936,3904.569363594055,105,1039.7000732421875,4.0073933601379395,999,325.2605895996094,1040.0850830078125,1029.074462890625,677.0379638671875,89.16058349609375,956.7071533203125,1045.1605224609375,999,936,771.106201171875,-57.22111129760742,100.85582733154297,999,424.4363098144531,1041.67333984375,1693586044.1152766,-60.390865325927734,lgp-long,mu+lambda-ga,reward-unhealthy_termination,ant,105,93600
937,102.93236541748047,1045.5284423828125,-88.05587005615234,937,3908.6768243312836,105,1037.8187255859375,4.0041375160217285,999,315.1706848144531,1044.9532470703125,1033.5980224609375,658.8509521484375,111.78443908691406,945.1246337890625,989.3599853515625,999,937,699.3603515625,-75.37682342529297,80.27596282958984,999,467.9550476074219,1045.68115234375,1693586048.2227373,-54.596046447753906,lgp-long,mu+lambda-ga,reward-unhealthy_termination,ant,105,93700
938,104.3948745727539,1041.9947509765625,-157.48760986328125,938,3912.786308288574,105,1045.4349365234375,3.9997928142547607,999,10027.0205078125,1047.5982666015625,1030.878662109375,-279.39105224609375,102.93214416503906,993.8580322265625,936.74169921875,999,938,771.6046752929688,-69.22529602050781,97.06832122802734,999,516.2315673828125,1048.3375244140625,1693586052.3322213,-59.5973014831543,lgp-long,mu+lambda-ga,reward-unhealthy_termination,ant,105,93800
939,98.09615325927734,1041.725830078125,-47.89933395385742,939,3916.894951581955,105,1044.792236328125,4.001864433288574,999,264.69244384765625,1045.8828125,1043.5111083984375,739.2698364257812,91.16680908203125,981.4620971679688,1046.0643310546875,999,939,755.5396118164062,-44.85258102416992,96.76768493652344,999,593.577880859375,1047.377197265625,1693586056.4408646,-53.561702728271484,lgp-long,mu+lambda-ga,reward-unhealthy_termination,ant,105,93900
940,92.83885192871094,1046.2894287109375,-144.29844665527344,940,3921.004070520401,105,1042.2620849609375,4.000434875488281,999,279.6831359863281,1046.1231689453125,1036.7156982421875,729.5584106445312,104.7430191040039,964.7644653320312,948.1537475585938,999,940,758.9564208984375,-65.2118148803711,95.29493713378906,999,604.9449462890625,1046.150390625,1693586060.5499835,-43.74584197998047,lgp-long,mu+lambda-ga,reward-unhealthy_termination,ant,105,94000
941,90.6445541381836,1043.106201171875,-52.531368255615234,941,3925.1131534576416,105,1040.2894287109375,4.004352569580078,999,333.1505432128906,1046.48291015625,939.0556640625,693.2380981445312,100.68672943115234,990.4146728515625,1044.295654296875,999,941,729.644775390625,-158.79234313964844,99.63302612304688,999,539.9221801757812,1048.5262451171875,1693586064.6590664,-44.73445510864258,lgp-long,mu+lambda-ga,reward-unhealthy_termination,ant,105,94100
942,100.83379364013672,1044.8612060546875,-49.338104248046875,942,3929.2225902080536,105,1041.49560546875,4.005175590515137,999,319.4640197753906,1046.890869140625,1035.919921875,674.7784423828125,97.2792739868164,974.5474853515625,1044.9764404296875,999,942,720.0516357421875,-58.5485725402832,97.12838745117188,999,486.9649353027344,1050.280029296875,1693586068.7685032,-53.16720199584961,lgp-long,mu+lambda-ga,reward-unhealthy_termination,ant,105,94200
943,114.27583312988281,1037.4459228515625,-64.72254943847656,943,3933.329728603363,105,1042.9454345703125,3.998502254486084,999,288.8931579589844,1044.182373046875,1041.851318359375,715.2479248046875,101.5488052368164,991.6678466796875,1040.0372314453125,999,943,764.3580322265625,-56.88604736328125,107.5748062133789,999,480.27789306640625,1046.2308349609375,1693586072.8756416,-74.01557922363281,lgp-long,mu+lambda-ga,reward-unhealthy_termination,ant,105,94300
944,101.14151000976562,1031.563720703125,-63.023284912109375,944,3937.4382197856903,105,1042.842041015625,4.002651691436768,999,320.4626159667969,1043.2867431640625,1038.7479248046875,710.259521484375,106.69953918457031,988.1506958007812,1039.8013916015625,999,944,828.485107421875,-65.14583587646484,105.63722229003906,999,446.8047180175781,1044.0970458984375,1693586076.9841328,-66.74815368652344,lgp-long,mu+lambda-ga,reward-unhealthy_termination,ant,105,94400
945,88.13868713378906,1044.9613037109375,-56.99078369140625,945,3941.54736161232,105,1045.26220703125,4.007024765014648,999,291.32537841796875,1047.4481201171875,1039.9405517578125,741.5086669921875,100.9275131225586,985.5045776367188,1044.811279296875,999,945,774.1937255859375,-58.17550277709961,104.6103744506836,999,651.6270141601562,1048.2103271484375,1693586081.0932746,-40.37346267700195,lgp-long,mu+lambda-ga,reward-unhealthy_termination,ant,105,94500
946,109.473876953125,1032.3372802734375,-56.74508285522461,946,3945.656800508499,105,1042.319091796875,4.006096839904785,999,280.57464599609375,1045.5650634765625,1042.6153564453125,771.5347290039062,105.83367919921875,995.1723022460938,1044.8759765625,999,946,867.4697265625,-60.39979934692383,104.43544006347656,999,688.1763305664062,1045.828857421875,1693586085.2027135,-74.1096420288086,lgp-long,mu+lambda-ga,reward-unhealthy_termination,ant,105,94600
947,99.65734100341797,1036.15234375,-68.1829833984375,947,3949.765352010727,105,1043.157958984375,4.000975608825684,999,336.25592041015625,1044.4896240234375,980.9677734375,722.58203125,84.24209594726562,981.82373046875,1033.1820068359375,999,947,784.7099609375,-100.4094009399414,104.166015625,999,594.06005859375,1045.6580810546875,1693586089.311265,-60.6944465637207,lgp-long,mu+lambda-ga,reward-unhealthy_termination,ant,105,94700
948,102.73835754394531,1043.218017578125,-57.431190490722656,948,3953.8780715465546,105,1044.249755859375,4.0037617683410645,999,278.5381164550781,1045.563720703125,1042.3076171875,737.5372314453125,104.5125503540039,993.2149047851562,1046.7874755859375,999,948,736.8636474609375,-59.382965087890625,107.0331802368164,999,601.1607055664062,1045.822265625,1693586093.4239845,-56.7097282409668,lgp-long,mu+lambda-ga,reward-unhealthy_termination,ant,105,94800
949,101.77953338623047,1045.5213623046875,-55.19691848754883,949,3957.9834451675415,105,1042.5101318359375,4.008134841918945,999,337.90240478515625,1048.675537109375,1040.5311279296875,679.3931884765625,103.40620422363281,972.5067749023438,1045.3511962890625,999,949,757.3062744140625,-60.062469482421875,103.3536148071289,999,457.8426208496094,1049.2650146484375,1693586097.5293581,-53.453834533691406,lgp-long,mu+lambda-ga,reward-unhealthy_termination,ant,105,94900
950,87.44914245605469,1035.4971923828125,-61.303436279296875,950,3962.0938246250153,105,1043.6416015625,4.003128528594971,999,318.73193359375,1044.3431396484375,949.2236328125,709.5673217773438,109.4693832397461,994.46826171875,1036.9427490234375,999,950,729.5648803710938,-157.40585327148438,101.0631332397461,999,521.056640625,1046.28857421875,1693586101.6397376,-49.08626174926758,lgp-long,mu+lambda-ga,reward-unhealthy_termination,ant,105,95000
951,81.44872283935547,973.41357421875,-60.40290451049805,951,3966.2029268741608,105,1046.074951171875,4.006744861602783,999,10027.8818359375,1047.1490478515625,1043.032958984375,-262.6902770996094,104.53570556640625,991.8973388671875,1045.7545166015625,999,951,785.298828125,-58.69869613647461,108.97148895263672,999,621.1260986328125,1047.9132080078125,1693586105.7488399,-105.1798324584961,lgp-long,mu+lambda-ga,reward-unhealthy_termination,ant,105,95100
952,105.25157928466797,939.76171875,-58.36225128173828,952,3970.310173511505,105,1040.662109375,4.010593891143799,999,328.3770446777344,1043.652099609375,1038.906494140625,684.5068359375,108.7454605102539,920.9702758789062,1044.559326171875,999,952,751.2484130859375,-66.85194396972656,105.73758697509766,999,510.62933349609375,1046.17138671875,1693586109.8560865,-162.6541290283203,lgp-long,mu+lambda-ga,reward-unhealthy_termination,ant,105,95200
953,107.5267333984375,1036.728515625,-145.7098846435547,953,3974.4163434505463,105,1042.834228515625,4.006200313568115,999,318.29583740234375,1046.84326171875,1042.3062744140625,715.5670166015625,100.12908935546875,973.4049682617188,956.3531494140625,999,953,790.464111328125,-55.01032638549805,104.8978500366211,999,599.8929443359375,1049.9388427734375,1693586113.9622564,-67.98477172851562,lgp-long,mu+lambda-ga,reward-unhealthy_termination,ant,105,95300
954,97.85033416748047,1044.6138916015625,-149.5072479248047,954,3978.5254924297333,105,1042.832275390625,4.001279354095459,999,10020.974609375,1043.0687255859375,979.2108764648438,-355.66717529296875,87.7356948852539,948.1115112304688,957.8059692382812,999,954,711.3713989257812,-105.49627685546875,110.15373992919922,999,451.0600280761719,1047.27001953125,1693586118.0714054,-50.426395416259766,lgp-long,mu+lambda-ga,reward-unhealthy_termination,ant,105,95400
955,94.86186981201172,1030.56201171875,-56.12855911254883,955,3982.635132789612,105,1044.6383056640625,3.98496675491333,999,379.9908752441406,1045.880615234375,1038.9605712890625,645.3187255859375,102.56825256347656,992.0138549804688,1042.078369140625,999,955,720.9476318359375,-60.796443939208984,101.0113754272461,999,351.1055908203125,1047.11572265625,1693586122.1810458,-61.48283767700195,lgp-long,mu+lambda-ga,reward-unhealthy_termination,ant,105,95500
956,101.48486328125,930.7332153320312,-63.357460021972656,956,3986.7419645786285,105,1043.3065185546875,3.977684497833252,999,346.3061218261719,1043.72021484375,949.5834350585938,682.9560546875,106.12214660644531,987.420166015625,1043.599853515625,999,956,745.090576171875,-153.7001190185547,109.7698974609375,999,514.385009765625,1044.608154296875,1693586126.2878776,-167.9140167236328,lgp-long,mu+lambda-ga,reward-unhealthy_termination,ant,105,95600
957,77.8419418334961,1036.5308837890625,-62.69940948486328,957,3990.8527307510376,105,1042.3438720703125,3.9770214557647705,999,380.0995178222656,1044.509033203125,945.1554565429688,643.6044921875,105.1111831665039,987.7822875976562,1039.4627685546875,999,957,712.1439208984375,-157.1202850341797,104.9752426147461,999,417.4590148925781,1045.8873291015625,1693586130.3986437,-38.49473190307617,lgp-long,mu+lambda-ga,reward-unhealthy_termination,ant,105,95700
958,104.945556640625,943.7360229492188,-51.04188537597656,958,3994.9614176750183,105,1043.8109130859375,3.9764955043792725,999,287.8018493652344,1046.0533447265625,1043.3304443359375,697.4307861328125,103.4251480102539,982.1907348632812,1016.4597778320312,999,958,736.4951171875,-57.287109375,70.36669921875,999,478.6626281738281,1046.5184326171875,1693586134.5073307,-158.37364196777344,lgp-long,mu+lambda-ga,reward-unhealthy_termination,ant,105,95800
959,86.02825927734375,1046.15625,-61.8605842590332,959,3999.0691406726837,105,1046.1038818359375,3.9728527069091797,999,331.1658020019531,1046.8828125,1008.96484375,662.284423828125,71.29630279541016,941.55615234375,1044.5438232421875,999,959,706.0989379882812,-59.46674728393555,109.22125244140625,999,487.6091613769531,1047.8563232421875,1693586138.6150537,-37.07060623168945,lgp-long,mu+lambda-ga,reward-unhealthy_termination,ant,105,95900
960,104.20159149169922,939.4249877929688,-36.84850311279297,960,4003.176980495453,105,1045.62255859375,3.9734787940979004,999,10024.4619140625,1048.677734375,1044.892822265625,-303.8992614746094,96.97367095947266,995.153564453125,1044.6705322265625,999,960,705.0257568359375,-49.276023864746094,84.33440399169922,999,547.1251220703125,1049.5771484375,1693586142.7228935,-161.94650268554688,lgp-long,mu+lambda-ga,reward-unhealthy_termination,ant,105,96000
961,108.87230682373047,1042.646240234375,-52.7305793762207,961,4007.2855594158173,105,1045.396728515625,3.973268508911133,999,249.65626525878906,1049.0107421875,1041.00244140625,773.9176635742188,103.14027404785156,994.4236450195312,1049.3177490234375,999,961,865.9275512695312,-59.33400344848633,104.85970306396484,999,559.9925537109375,1050.93603515625,1693586146.8314724,-63.41738510131836,lgp-long,mu+lambda-ga,reward-unhealthy_termination,ant,105,96100
962,101.7562484741211,1044.3267822265625,-64.06527709960938,962,4011.3939559459686,105,1044.16162109375,3.9726550579071045,999,331.65618896484375,1045.93603515625,942.11376953125,724.2348022460938,97.33721923828125,984.5773315429688,1030.0799560546875,999,962,797.0894775390625,-152.3829345703125,97.02251434326172,999,606.2567749023438,1049.909912109375,1693586150.939869,-54.626556396484375,lgp-long,mu+lambda-ga,reward-unhealthy_termination,ant,105,96200
963,124.17256164550781,1047.6214599609375,-73.23612213134766,963,4015.502597808838,105,1044.8743896484375,3.975267171859741,999,316.4092102050781,1053.20849609375,1014.95361328125,680.5061645507812,68.37398529052734,959.59033203125,1057.568359375,999,963,707.4367065429688,-50.57001876831055,133.60069274902344,999,489.31439208984375,1057.6334228515625,1693586155.0485108,-73.73876190185547,lgp-long,mu+lambda-ga,reward-unhealthy_termination,ant,105,96300
964,103.8133544921875,1035.7176513671875,-74.4450454711914,964,4019.611627817154,105,1050.858642578125,3.972123622894287,999,316.9937438964844,1053.96826171875,1015.1168823242188,663.255126953125,75.9162368774414,921.1493530273438,1052.4334716796875,999,964,702.94970703125,-57.878170013427734,129.68687438964844,999,480.3049011230469,1054.781494140625,1693586159.1575408,-65.24655151367188,lgp-long,mu+lambda-ga,reward-unhealthy_termination,ant,105,96400
965,101.04165649414062,1032.2845458984375,-73.0627670288086,965,4023.7191717624664,105,1051.856689453125,3.9747841358184814,999,330.01446533203125,1052.4775390625,1035.49169921875,663.6343383789062,103.06190490722656,929.4171752929688,1045.7342529296875,999,965,705.3411865234375,-64.712158203125,121.61384582519531,999,489.9598388671875,1054.1944580078125,1693586163.2650847,-65.88439178466797,lgp-long,mu+lambda-ga,reward-unhealthy_termination,ant,105,96500
966,130.0257110595703,1053.4815673828125,-26.576709747314453,966,4027.828623533249,105,1053.948486328125,3.9734041690826416,999,10022.6796875,1054.9371337890625,1045.7581787109375,-311.7683410644531,121.54705810546875,947.9221801757812,1082.735595703125,999,966,705.2242431640625,-72.97459411621094,112.16015625,999,534.4508056640625,1122.9149169921875,1693586167.3745365,-73.73539733886719,lgp-long,mu+lambda-ga,reward-unhealthy_termination,ant,105,96600
967,125.1133804321289,1048.4830322265625,-25.722522735595703,967,4031.9350442886353,105,1056.71630859375,3.975027322769165,999,313.66839599609375,1058.6064453125,1048.9163818359375,731.83544921875,125.61836242675781,984.5025024414062,1075.6002197265625,999,967,846.5735473632812,-73.8987808227539,104.1762466430664,999,499.0072326660156,1072.2039794921875,1693586171.4809573,-73.81688690185547,lgp-long,mu+lambda-ga,reward-unhealthy_termination,ant,105,96700
968,128.7404022216797,1053.5247802734375,-23.352066040039062,968,4036.0446271896362,105,1055.517578125,3.9734246730804443,999,262.8256530761719,1056.4996337890625,1054.4583740234375,762.3707885742188,130.45750427246094,982.3372192382812,1066.3353271484375,999,968,874.966796875,-73.20059967041016,92.57561492919922,999,521.7536010742188,1075.4041748046875,1693586175.5905402,-72.4189224243164,lgp-long,mu+lambda-ga,reward-unhealthy_termination,ant,105,96800
969,131.5435028076172,1055.2122802734375,-66.18822479248047,969,4040.151276111603,105,1054.63818359375,3.973273992538452,999,259.9552307128906,1054.9337158203125,1017.2120361328125,753.9037475585938,77.13814544677734,994.6131591796875,1036.7874755859375,999,969,756.2410888671875,-57.025020599365234,105.83522033691406,999,606.6221313476562,1057.388916015625,1693586179.697189,-73.5496826171875,lgp-long,mu+lambda-ga,reward-unhealthy_termination,ant,105,96900
970,132.1324005126953,1056.0640869140625,-57.37649154663086,970,4044.261090993881,105,1054.58251953125,3.9728705883026123,999,293.6432189941406,1056.179443359375,1054.1715087890625,730.4719848632812,129.8486328125,985.9835205078125,1038.305419921875,999,970,769.7136840820312,-72.8777084350586,98.56578826904297,999,607.881103515625,1062.9542236328125,1693586183.807004,-73.27134704589844,lgp-long,mu+lambda-ga,reward-unhealthy_termination,ant,105,97000
971,132.979736328125,1055.35693359375,-63.49109649658203,971,4048.3697035312653,105,1055.53173828125,3.9736487865448,999,333.00897216796875,1055.89208984375,1047.3699951171875,714.533447265625,124.25019836425781,992.2862548828125,1059.1806640625,999,971,786.7428588867188,-74.07445526123047,125.500244140625,999,531.4918823242188,1065.953369140625,1693586187.9156165,-74.82898712158203,lgp-long,mu+lambda-ga,reward-unhealthy_termination,ant,105,97100
972,131.0052032470703,1054.9029541015625,-63.67863845825195,972,4052.4788210392,105,1055.0318603515625,3.9737260341644287,999,296.216796875,1055.277587890625,1036.792236328125,695.3721923828125,107.45354461669922,961.5155029296875,1062.6707763671875,999,972,718.955078125,-67.80839538574219,129.16000366210938,999,490.2497863769531,1062.8670654296875,1693586192.024734,-73.30583953857422,lgp-long,mu+lambda-ga,reward-unhealthy_termination,ant,105,97200
973,131.73497009277344,1055.1107177734375,-57.76874923706055,973,4056.5882964134216,105,1056.0706787109375,4.000220775604248,999,300.8084716796875,1057.06298828125,1048.9451904296875,733.3159790039062,124.2996597290039,977.4717407226562,1042.1669921875,999,973,831.8926391601562,-72.54663848876953,102.80567932128906,999,585.10693359375,1059.530029296875,1693586196.1342094,-73.82460021972656,lgp-long,mu+lambda-ga,reward-unhealthy_termination,ant,105,97300
974,131.1715087890625,1055.33984375,-63.52085494995117,974,4060.6961755752563,105,1055.9520263671875,4.008030414581299,999,327.04840087890625,1056.06494140625,1056.3275146484375,681.2366943359375,133.1140594482422,977.268798828125,1063.6361083984375,999,974,724.039306640625,-73.9911880493164,129.95458984375,999,472.2236022949219,1063.0609130859375,1693586200.2420886,-73.03205871582031,lgp-long,mu+lambda-ga,reward-unhealthy_termination,ant,105,97400
975,122.5771255493164,1046.818115234375,-63.8695068359375,975,4064.8042476177216,105,1054.1917724609375,4.000290870666504,999,347.2692565917969,1054.423095703125,1051.8597412109375,642.4520874023438,127.8387222290039,976.080810546875,1063.5234375,999,975,692.3162231445312,-73.17193603515625,130.19989013671875,999,433.63092041015625,1064.2806396484375,1693586204.3501606,-72.94522094726562,lgp-long,mu+lambda-ga,reward-unhealthy_termination,ant,105,97500
976,78.8157958984375,1017.2361450195312,-65.58171844482422,976,4068.911813020706,105,1054.81103515625,3.9983556270599365,999,343.59423828125,1055.182373046875,1045.4368896484375,658.3126220703125,120.79850006103516,979.72314453125,1063.2127685546875,999,976,704.526123046875,-72.54804229736328,131.62522888183594,999,411.45330810546875,1064.78759765625,1693586208.457726,-58.67448806762695,lgp-long,mu+lambda-ga,reward-unhealthy_termination,ant,105,97600
977,133.679931640625,1056.7742919921875,-63.30582809448242,977,4073.0195496082306,105,1055.98388671875,3.9983842372894287,999,10024.8984375,1056.24072265625,1055.5579833984375,-303.32611083984375,132.45323181152344,976.4495849609375,1061.194580078125,999,977,777.892578125,-74.10596466064453,127.31664276123047,999,568.349365234375,1064.1484375,1693586212.5654626,-74.11058044433594,lgp-long,mu+lambda-ga,reward-unhealthy_termination,ant,105,97700
978,129.56915283203125,1063.4083251953125,-57.092750549316406,978,4077.126066684723,105,1064.2032470703125,3.9986355304718018,999,352.64349365234375,1065.9208984375,1058.7962646484375,642.4385986328125,126.48384094238281,967.5652465820312,1044.1641845703125,999,978,688.4237060546875,-64.85238647460938,104.1217041015625,999,412.4098205566406,1066.212890625,1693586216.6719797,-63.3492431640625,lgp-long,mu+lambda-ga,reward-unhealthy_termination,ant,105,97800
979,129.7287139892578,1062.7672119140625,-98.72667694091797,979,4081.2358741760254,105,1063.8291015625,3.981445789337158,999,340.89385986328125,1068.1959228515625,1044.0989990234375,634.9501342773438,104.43318939208984,959.650146484375,1070.4656982421875,999,979,690.334228515625,-57.47187042236328,172.1306610107422,999,409.41107177734375,1070.773681640625,1693586220.7817872,-64.15185546875,lgp-long,mu+lambda-ga,reward-unhealthy_termination,ant,105,97900
980,133.054931640625,1065.6214599609375,-64.5387191772461,980,4085.344325065613,105,1064.3812255859375,3.9785947799682617,999,313.2398986816406,1064.596923828125,1057.19384765625,661.3527221679688,124.7876968383789,963.658203125,1065.9764404296875,999,980,694.93310546875,-64.7611312866211,133.32266235351562,999,424.3359375,1066.0323486328125,1693586224.890238,-64.62910461425781,lgp-long,mu+lambda-ga,reward-unhealthy_termination,ant,105,98000
981,131.9813690185547,1064.3172607421875,-61.36194610595703,981,4089.4527671337128,105,1065.821044921875,3.97709584236145,999,334.9764709472656,1065.8458251953125,1066.4471435546875,606.9605102539062,134.1770477294922,927.6184692382812,1056.5322265625,999,981,660.7062377929688,-64.92180633544922,120.7232666015625,999,381.3322448730469,1066.7459716796875,1693586228.99868,-64.85577392578125,lgp-long,mu+lambda-ga,reward-unhealthy_termination,ant,105,98100
982,131.91317749023438,1065.2928466796875,-64.5489730834961,982,4093.561376810074,105,1063.661865234375,3.9786136150360107,999,330.1822204589844,1064.9232177734375,1063.1378173828125,658.2196044921875,129.7433319091797,971.092041015625,1064.919189453125,999,982,686.4677734375,-63.80231475830078,132.27090454101562,999,439.32098388671875,1065.4266357421875,1693586233.1072898,-63.81488037109375,lgp-long,mu+lambda-ga,reward-unhealthy_termination,ant,105,98200
983,124.50128173828125,1058.038818359375,-64.7661361694336,983,4097.670193910599,105,1062.5216064453125,3.9793360233306885,999,345.5858154296875,1063.3763427734375,1056.994140625,628.9801635742188,124.076171875,958.8883056640625,1061.4803466796875,999,983,696.499755859375,-64.259033203125,129.07017517089844,999,396.1160583496094,1065.0120849609375,1693586237.216107,-63.628509521484375,lgp-long,mu+lambda-ga,reward-unhealthy_termination,ant,105,98300
984,125.47286224365234,1058.6644287109375,-57.39042282104492,984,4101.776648521423,105,1063.33935546875,3.9802284240722656,999,330.9650573730469,1063.4578857421875,1057.2720947265625,655.3653564453125,156.16493225097656,931.8809204101562,1045.586181640625,999,984,698.2905883789062,-95.93956756591797,105.852783203125,999,518.8060913085938,1063.6419677734375,1693586241.3225615,-63.97613525390625,lgp-long,mu+lambda-ga,reward-unhealthy_termination,ant,105,98400
985,167.9797821044922,1067.4349365234375,-64.9352035522461,985,4105.884451627731,105,1065.8822021484375,3.9815142154693604,999,336.4129638671875,1066.710693359375,1046.071044921875,655.9436645507812,106.15229797363281,959.809326171875,1069.9315185546875,999,985,697.2276611328125,-57.2285270690918,137.6663360595703,999,425.4140625,1068.309814453125,1693586245.4303646,-97.6087417602539,lgp-long,mu+lambda-ga,reward-unhealthy_termination,ant,105,98500
986,135.36244201660156,1067.760009765625,-63.761627197265625,986,4109.992656946182,105,1064.7974853515625,3.9798052310943604,999,309.9684753417969,1067.1260986328125,1063.2410888671875,688.0419921875,129.6192169189453,972.4954223632812,1053.2674560546875,999,986,700.2113037109375,-63.56390380859375,119.88166809082031,999,496.8481140136719,1067.1942138671875,1693586249.53857,-64.79922485351562,lgp-long,mu+lambda-ga,reward-unhealthy_termination,ant,105,98600
987,164.07278442382812,1063.9881591796875,-64.0620346069336,987,4114.10578417778,105,1065.53271484375,3.980660915374756,999,304.12548828125,1065.54736328125,1056.7239990234375,714.1392211914062,122.56707000732422,972.7493896484375,1066.78857421875,999,987,777.669677734375,-62.99616241455078,133.6415557861328,999,428.38238525390625,1066.5048828125,1693586253.6516972,-97.14501190185547,lgp-long,mu+lambda-ga,reward-unhealthy_termination,ant,105,98700
988,106.29239654541016,1045.045654296875,-64.99028778076172,988,4118.218427181244,105,1063.9066162109375,3.9903035163879395,999,368.6594543457031,1064.9395751953125,1064.4910888671875,653.78076171875,131.32139587402344,977.6976318359375,1064.129638671875,999,988,729.329833984375,-64.0198974609375,131.93727111816406,999,424.607666015625,1067.3194580078125,1693586257.7643402,-58.3847541809082,lgp-long,mu+lambda-ga,reward-unhealthy_termination,ant,105,98800
989,134.0033721923828,1066.2884521484375,-95.39464569091797,989,4122.313199520111,105,1065.0302734375,3.973653554916382,999,379.5855712890625,1066.821044921875,1061.9737548828125,632.30859375,127.73693084716797,964.6421508789062,1067.5091552734375,999,989,704.1429443359375,-62.953548431396484,165.8302459716797,999,419.34588623046875,1068.9730224609375,1693586261.8591125,-64.92176818847656,lgp-long,mu+lambda-ga,reward-unhealthy_termination,ant,105,98900
990,123.0020751953125,1055.5523681640625,-64.06026458740234,990,4126.420513391495,105,1064.4229736328125,3.9840047359466553,999,363.3524475097656,1064.7701416015625,1064.2313232421875,632.6424560546875,130.95562744140625,968.8553466796875,1067.3563232421875,999,990,680.8936157226562,-63.91657638549805,134.21324157714844,999,433.8288879394531,1067.43798828125,1693586265.9664264,-64.59544372558594,lgp-long,mu+lambda-ga,reward-unhealthy_termination,ant,105,99000
991,122.40282440185547,1057.8109130859375,-64.86132049560547,991,4130.528004646301,105,1065.7327880859375,3.9856820106506348,999,358.1301574707031,1066.0537109375,1061.2225341796875,624.721435546875,127.49808502197266,938.6466064453125,1065.953125,999,991,688.666259765625,-63.4576416015625,133.61508178710938,999,393.036376953125,1066.281005859375,1693586270.0739176,-61.7557487487793,lgp-long,mu+lambda-ga,reward-unhealthy_termination,ant,105,99100
992,129.7530975341797,1063.3804931640625,-58.39955520629883,992,4134.6463742256165,105,1066.8004150390625,3.9804883003234863,999,344.47821044921875,1067.624267578125,1047.181396484375,683.55810546875,107.649658203125,979.054931640625,1046.4510498046875,999,992,766.2619018554688,-57.61526107788086,107.716064453125,999,428.5408935546875,1068.14794921875,1693586274.1922872,-63.563106536865234,lgp-long,mu+lambda-ga,reward-unhealthy_termination,ant,105,99200
993,136.11485290527344,1067.8162841796875,-65.37430572509766,993,4138.751473665237,105,1066.79345703125,3.973113536834717,999,367.6946716308594,1068.01220703125,1062.4354248046875,629.9408569335938,128.98831176757812,942.6961669921875,1066.7779541015625,999,993,701.0829467773438,-63.743873596191406,134.96852111816406,999,419.9378662109375,1070.29052734375,1693586278.2973866,-65.50386047363281,lgp-long,mu+lambda-ga,reward-unhealthy_termination,ant,105,99300
994,103.7608871459961,1043.7064208984375,-63.1439094543457,994,4142.8474090099335,105,1064.2196044921875,3.9752492904663086,999,365.6333312988281,1064.9132080078125,1057.9237060546875,615.6002807617188,124.6153564453125,939.6895141601562,1058.207275390625,999,994,683.5984497070312,-63.8648567199707,124.173828125,999,405.07025146484375,1065.1243896484375,1693586282.393322,-57.19329833984375,lgp-long,mu+lambda-ga,reward-unhealthy_termination,ant,105,99400
995,98.8919448852539,1039.2496337890625,-64.41852569580078,995,4146.960713148117,105,1066.571533203125,3.978686571121216,999,339.40106201171875,1066.6976318359375,1065.4613037109375,672.2581787109375,132.5186767578125,981.202880859375,1068.4593505859375,999,995,714.791015625,-64.26144409179688,135.6840057373047,999,416.2064208984375,1068.550048828125,1693586286.5066261,-56.758174896240234,lgp-long,mu+lambda-ga,reward-unhealthy_termination,ant,105,99500
996,132.2217254638672,1064.9534912109375,-64.55146789550781,996,4151.064022779465,105,1065.9599609375,3.976529836654663,999,331.73101806640625,1066.0225830078125,1066.0128173828125,668.0338134765625,133.95457458496094,950.4820556640625,1067.6614990234375,999,996,704.07470703125,-65.13475799560547,135.0146942138672,999,497.474365234375,1067.6456298828125,1693586290.6099358,-64.45296478271484,lgp-long,mu+lambda-ga,reward-unhealthy_termination,ant,105,99600
997,128.5579833984375,1061.345458984375,-65.68934631347656,997,4155.1662476062775,105,1066.038818359375,3.968095541000366,999,361.0907897949219,1066.42431640625,1058.81396484375,616.6416625976562,127.30523681640625,971.0254516601562,1069.2806396484375,999,997,671.4547119140625,-65.64727783203125,137.76976013183594,999,378.87945556640625,1070.2884521484375,1693586294.7121606,-64.38628387451172,lgp-long,mu+lambda-ga,reward-unhealthy_termination,ant,105,99700
998,132.2737274169922,1064.8685302734375,-63.375850677490234,998,4159.2819945812225,105,1065.4542236328125,3.999687671661377,999,10024.4150390625,1065.5186767578125,1062.5474853515625,-314.5674133300781,128.9363250732422,976.61083984375,1059.9365234375,999,998,726.8974609375,-63.5825309753418,126.14115142822266,999,471.8861083984375,1065.955078125,1693586298.8279076,-64.60035705566406,lgp-long,mu+lambda-ga,reward-unhealthy_termination,ant,105,99800
999,130.3400115966797,1063.4832763671875,-65.79816436767578,999,4163.387943744659,105,1064.1024169921875,3.9984354972839355,999,331.6256408691406,1064.404296875,1053.5015869140625,713.805908203125,119.89643859863281,982.7778930664062,1068.4759521484375,999,999,834.5640869140625,-63.544246673583984,137.08766174316406,999,571.239501953125,1069.68212890625,1693586302.9338567,-64.05181884765625,lgp-long,mu+lambda-ga,reward-unhealthy_termination,ant,105,99900
1000,129.6237335205078,1062.3563232421875,-58.05952072143555,1000,4167.483842134476,105,1065.0899658203125,3.9891769886016846,999,357.0400390625,1066.293701171875,1058.3514404296875,657.322021484375,123.9039306640625,976.768798828125,1042.625,999,1000,721.245361328125,-62.70845413208008,103.5791015625,999,399.61785888671875,1069.453857421875,1693586307.029755,-64.44658660888672,lgp-long,mu+lambda-ga,reward-unhealthy_termination,ant,105,100000
1001,123.53663635253906,1058.2176513671875,-66.34331512451172,1001,4171.595131397247,105,1068.18798828125,3.9778943061828613,999,339.8034362792969,1068.2139892578125,1047.5582275390625,652.7073364257812,107.98253631591797,966.4939575195312,1070.3277587890625,999,1001,709.314208984375,-57.57123947143555,139.49440002441406,999,416.701171875,1070.81298828125,1693586311.1410444,-62.49349594116211,lgp-long,mu+lambda-ga,reward-unhealthy_termination,ant,105,100100
1002,132.00364685058594,1062.8427734375,-65.51451873779297,1002,4175.706619024277,105,1065.5882568359375,4.009453296661377,999,329.8092346191406,1068.3759765625,1064.7490234375,672.9798583984375,131.9354705810547,951.2009887695312,1061.525146484375,999,1002,706.188232421875,-64.39348602294922,129.88540649414062,999,512.05322265625,1070.0526123046875,1693586315.252532,-66.33704376220703,lgp-long,mu+lambda-ga,reward-unhealthy_termination,ant,105,100200
1003,130.25991821289062,1061.8214111328125,-66.65878295898438,1003,4179.81142783165,105,1065.18017578125,3.970937728881836,999,351.4165344238281,1068.3260498046875,1061.4188232421875,664.6981201171875,128.6632080078125,961.7533569335938,1065.4420166015625,999,1003,705.6875,-64.40499114990234,134.9650115966797,999,477.16162109375,1074.37646484375,1693586319.3573408,-65.59526824951172,lgp-long,mu+lambda-ga,reward-unhealthy_termination,ant,105,100300
1004,137.4696502685547,1069.4599609375,-58.48712158203125,1004,4183.918934583664,105,1066.1488037109375,3.9981703758239746,999,369.656494140625,1069.7950439453125,1066.01025390625,648.5719604492188,133.78538513183594,968.3026123046875,1050.35986328125,999,1004,704.5447387695312,-64.97322845458984,111.71878814697266,999,460.6718444824219,1071.2347412109375,1693586323.4648476,-65.20310974121094,lgp-long,mu+lambda-ga,reward-unhealthy_termination,ant,105,100400
1005,133.11334228515625,1065.7701416015625,-65.1818618774414,1005,4188.026104211807,105,1067.6680908203125,3.998216152191162,999,320.4201965332031,1068.91259765625,1044.7152099609375,645.8550415039062,106.3385009765625,940.067138671875,1070.686767578125,999,1005,691.38427734375,-58.752288818359375,138.65756225585938,999,416.0071105957031,1070.60107421875,1693586327.5720172,-64.52318572998047,lgp-long,mu+lambda-ga,reward-unhealthy_termination,ant,105,100500
1006,126.30571746826172,1060.8641357421875,-50.80854415893555,1006,4192.133882284164,105,1066.452392578125,3.999553918838501,999,291.7402038574219,1067.3446044921875,1067.4371337890625,721.3993530273438,134.5304412841797,985.99072265625,1027.810546875,999,1006,747.9017944335938,-64.29463958740234,81.53499603271484,999,541.9014892578125,1069.2918701171875,1693586331.6797953,-62.61083984375,lgp-long,mu+lambda-ga,reward-unhealthy_termination,ant,105,100600
1007,135.1515655517578,1065.86572265625,-65.8343734741211,1007,4196.240934848785,105,1064.494140625,3.997037410736084,999,322.3470764160156,1067.4342041015625,1060.4884033203125,680.8848266601562,128.54722595214844,979.4530029296875,1068.0516357421875,999,1007,708.222412109375,-65.23760986328125,136.71192932128906,999,484.6318664550781,1072.73583984375,1693586335.7868478,-66.46183013916016,lgp-long,mu+lambda-ga,reward-unhealthy_termination,ant,105,100700
1008,108.6448974609375,1048.2242431640625,-65.64537811279297,1008,4200.348491191864,105,1067.563720703125,3.9974782466888428,999,307.1778869628906,1070.691650390625,1062.6256103515625,685.7215576171875,130.86358642578125,976.9401245117188,1060.124755859375,999,1008,707.9205322265625,-65.41216278076172,128.6234130859375,999,537.124267578125,1072.4776611328125,1693586339.8944042,-57.5518913269043,lgp-long,mu+lambda-ga,reward-unhealthy_termination,ant,105,100800
1009,105.63912200927734,1045.8603515625,-58.655086517333984,1009,4204.4589812755585,105,1064.8880615234375,4.000573635101318,999,375.513427734375,1065.3875732421875,1062.9930419921875,660.5281372070312,130.0526580810547,977.0272827148438,1044.0738525390625,999,1009,713.8433837890625,-64.2508544921875,105.61685943603516,999,479.641845703125,1070.5238037109375,1693586344.0048943,-56.92524337768555,lgp-long,mu+lambda-ga,reward-unhealthy_termination,ant,105,100900
1010,103.65740966796875,1042.6444091796875,-63.60322189331055,1010,4208.567741632462,105,1067.5357666015625,4.004563331604004,999,318.966796875,1068.2298583984375,1065.875,737.26171875,134.44346618652344,982.497314453125,1053.064208984375,999,1010,861.2958984375,-65.75389862060547,119.52336883544922,999,548.9518432617188,1070.825927734375,1693586348.1136546,-58.13126754760742,lgp-long,mu+lambda-ga,reward-unhealthy_termination,ant,105,101000
1011,126.97792053222656,1059.8060302734375,-65.8048324584961,1011,4212.673290967941,105,1065.070556640625,3.99634051322937,999,266.3922424316406,1071.2442626953125,1059.468017578125,754.98974609375,123.84388732910156,974.69384765625,1070.8875732421875,999,1011,800.5966796875,-61.547523498535156,139.49790954589844,999,572.52734375,1071.4505615234375,1693586352.219204,-64.3360824584961,lgp-long,mu+lambda-ga,reward-unhealthy_termination,ant,105,101100
1012,124.48089599609375,1056.2545166015625,-63.89459991455078,1012,4216.781427383423,105,1069.1480712890625,3.9956889152526855,999,296.1555480957031,1069.552490234375,1069.5474853515625,726.2554321289062,138.58090209960938,981.0145263671875,1065.1131591796875,999,1012,790.86669921875,-66.22007751464844,131.83340454101562,999,550.4475708007812,1070.6866455078125,1693586356.3273404,-65.3687973022461,lgp-long,mu+lambda-ga,reward-unhealthy_termination,ant,105,101200
1013,130.17276000976562,1063.1458740234375,-57.247413635253906,1013,4220.891269445419,105,1063.61279296875,3.993983745574951,999,351.41400146484375,1064.674560546875,1053.5872802734375,634.5272216796875,121.09691619873047,947.5335083007812,1040.3946533203125,999,1013,697.6429443359375,-64.63855743408203,100.52104187011719,999,422.5860595703125,1065.2205810546875,1693586360.4371824,-64.19933319091797,lgp-long,mu+lambda-ga,reward-unhealthy_termination,ant,105,101300
1014,128.22689819335938,1060.6585693359375,-67.24767303466797,1014,4224.999745845795,105,1065.7376708984375,4.002399921417236,999,306.09930419921875,1066.996826171875,1048.3577880859375,724.3748168945312,110.0966796875,982.1990966796875,1068.4510498046875,999,1014,761.31982421875,-58.8657112121582,138.5249481201172,999,602.8641967773438,1069.008544921875,1693586364.5456588,-64.72889709472656,lgp-long,mu+lambda-ga,reward-unhealthy_termination,ant,105,101400
1015,138.1300811767578,1068.583740234375,-64.7562026977539,1015,4229.1063640117645,105,1068.0447998046875,3.9946043491363525,999,316.33642578125,1068.8223876953125,1061.8807373046875,724.8218383789062,130.71595764160156,982.6903686523438,1063.9005126953125,999,1015,806.7349243164062,-65.99498748779297,131.48611450195312,999,512.1481323242188,1069.8380126953125,1693586368.652277,-66.7253189086914,lgp-long,mu+lambda-ga,reward-unhealthy_termination,ant,105,101500
1016,137.91563415527344,1070.066162109375,-63.85981369018555,1016,4233.216166257858,105,1067.554931640625,3.9950876235961914,999,304.9085693359375,1070.0767822265625,1062.316650390625,712.6215209960938,132.3498077392578,977.4865112304688,1063.3961181640625,999,1016,715.6080322265625,-67.17430114746094,130.10008239746094,999,575.8900756835938,1070.1165771484375,1693586372.7620792,-65.04183959960938,lgp-long,mu+lambda-ga,reward-unhealthy_termination,ant,105,101600
1017,135.6743621826172,1064.1749267578125,-61.261016845703125,1017,4237.324476480484,105,1068.026123046875,3.991521120071411,999,320.45245361328125,1069.250732421875,1068.5048828125,674.4419555664062,138.15817260742188,972.7518920898438,1050.7347412109375,999,1017,696.3128662109375,-66.8427963256836,114.8801498413086,999,413.70550537109375,1069.5487060546875,1693586376.8703895,-68.65506744384766,lgp-long,mu+lambda-ga,reward-unhealthy_termination,ant,105,101700
1018,135.48989868164062,1067.3170166015625,-65.59626770019531,1018,4241.431485176086,105,1069.44873046875,3.9958324432373047,999,333.12603759765625,1070.1875,1069.4598388671875,641.6904296875,139.65554809570312,958.9216918945312,1071.0294189453125,999,1018,691.7978515625,-67.3910140991211,139.43043518066406,999,422.0267639160156,1070.21728515625,1693586380.9773982,-65.35002899169922,lgp-long,mu+lambda-ga,reward-unhealthy_termination,ant,105,101800
1019,126.74321746826172,1059.9700927734375,-64.31717681884766,1019,4245.540066003799,105,1068.8154296875,4.00514030456543,999,289.14642333984375,1069.35546875,1060.2655029296875,689.9738159179688,125.7938232421875,952.2972412109375,1066.208251953125,999,1019,708.042724609375,-62.68607711791992,133.3459930419922,999,494.0438537597656,1070.4415283203125,1693586385.085979,-63.9585075378418,lgp-long,mu+lambda-ga,reward-unhealthy_termination,ant,105,101900
1020,134.7786407470703,1064.9842529296875,-65.22142028808594,1020,4249.649117231369,105,1068.9168701171875,3.9836344718933105,999,276.2724609375,1069.1181640625,1048.5428466796875,760.7966918945312,109.11651611328125,985.5582885742188,1065.2723388671875,999,1020,860.4879150390625,-57.7115478515625,133.31884765625,999,633.5582885742188,1070.4189453125,1693586389.1950302,-66.95524597167969,lgp-long,mu+lambda-ga,reward-unhealthy_termination,ant,105,102000
1021,138.7310028076172,1069.5692138671875,-67.51984405517578,1021,4253.7585599422455,105,1069.0938720703125,3.9741177558898926,999,275.35357666015625,1070.2037353515625,1064.0509033203125,700.5716552734375,133.57188415527344,967.373046875,1073.382080078125,999,1021,700.3609619140625,-66.69194793701172,143.71661376953125,999,497.5474853515625,1071.4033203125,1693586393.304473,-66.35490417480469,lgp-long,mu+lambda-ga,reward-unhealthy_termination,ant,105,102100
1022,134.7926483154297,1065.0662841796875,-65.52672576904297,1022,4257.867312908173,105,1067.9498291015625,3.9750962257385254,999,353.1938781738281,1068.606689453125,1068.498046875,671.3784790039062,137.98497009277344,980.4513549804688,1068.5267333984375,999,1022,745.5834350585938,-66.65803527832031,136.8514862060547,999,421.8866271972656,1069.5380859375,1693586397.413226,-66.89505767822266,lgp-long,mu+lambda-ga,reward-unhealthy_termination,ant,105,102200
1023,140.38302612304688,1069.9439697265625,-66.2584457397461,1023,4261.97390127182,105,1069.17236328125,3.975192070007324,999,10021.4111328125,1070.5035400390625,1068.1195068359375,-341.8481140136719,136.39430236816406,957.496826171875,1071.6182861328125,999,1023,703.6796875,-65.46125793457031,140.68850708007812,999,412.8907775878906,1072.0784912109375,1693586401.5198143,-67.63106536865234,lgp-long,mu+lambda-ga,reward-unhealthy_termination,ant,105,102300
1024,132.858642578125,1064.91015625,-68.93245697021484,1024,4266.0825436115265,105,1067.83837890625,3.975280284881592,999,245.8168182373047,1068.2965087890625,1067.7349853515625,793.2315673828125,134.56724548339844,982.9840698242188,1068.1400146484375,999,1024,900.1524658203125,-64.0221176147461,139.9081573486328,999,581.9666748046875,1070.7760009765625,1693586405.6284566,-65.12552642822266,lgp-long,mu+lambda-ga,reward-unhealthy_termination,ant,105,102400
1025,141.674072265625,1070.467529296875,-63.22642135620117,1025,4270.095678329468,105,1069.9923095703125,3.9714884757995605,999,341.33233642578125,1070.6798095703125,1063.0152587890625,672.1531372070312,130.32994079589844,981.1078491210938,1062.7734375,999,1025,756.68017578125,-64.49933624267578,128.8341827392578,999,416.662109375,1071.868896484375,1693586409.6415913,-68.37686920166016,lgp-long,mu+lambda-ga,reward-unhealthy_termination,ant,105,102500
1026,107.69695281982422,1046.638671875,-67.46099853515625,1026,4274.103542327881,105,1071.235595703125,3.9642834663391113,999,368.60455322265625,1072.4566650390625,1064.159423828125,682.4276123046875,133.53125,982.85205078125,1069.3734130859375,999,1026,783.7933349609375,-66.5357894897461,139.64395141601562,999,479.27838134765625,1072.970703125,1693586413.6494553,-58.17768478393555,lgp-long,mu+lambda-ga,reward-unhealthy_termination,ant,105,102600
1027,126.2110366821289,1055.9879150390625,-66.43450927734375,1027,4278.210098266602,105,1067.150390625,3.969925880432129,999,311.11376953125,1067.1702880859375,1056.980224609375,716.4810180664062,122.9377212524414,982.3101806640625,1057.4344482421875,999,1027,740.2957763671875,-63.12022018432617,126.7268295288086,999,579.226806640625,1067.9024658203125,1693586417.7560112,-67.3470687866211,lgp-long,mu+lambda-ga,reward-unhealthy_termination,ant,105,102700
1028,139.88458251953125,1069.033447265625,-65.73503112792969,1028,4282.318274974823,105,1070.3685302734375,3.976560592651367,999,322.1213684082031,1070.4775390625,1069.2117919921875,687.0460815429688,137.89158630371094,969.7040405273438,1071.3070068359375,999,1028,705.248046875,-65.8686752319336,139.8625030517578,999,564.9187622070312,1071.234130859375,1693586421.864188,-68.02577209472656,lgp-long,mu+lambda-ga,reward-unhealthy_termination,ant,105,102800
1029,136.3997039794922,1067.7547607421875,-65.9044418334961,1029,4286.426432132721,105,1068.8038330078125,3.9714579582214355,999,312.3485107421875,1068.9327392578125,1059.4580078125,681.8282470703125,128.90220642089844,980.8114624023438,1056.5675048828125,999,1029,707.2347412109375,-66.57390594482422,125.32706451416016,999,419.43841552734375,1070.427978515625,1693586425.972345,-65.8388900756836,lgp-long,mu+lambda-ga,reward-unhealthy_termination,ant,105,102900
1030,134.35386657714844,1064.5638427734375,-66.64190673828125,1030,4290.5333704948425,105,1071.26171875,3.97160267829895,999,365.0039978027344,1071.2962646484375,1044.7191162109375,643.8683471679688,107.85438537597656,979.6516723632812,1070.417236328125,999,1030,709.1929931640625,-60.23115158081055,139.88316345214844,999,381.623291015625,1071.850341796875,1693586430.0792835,-66.9543228149414,lgp-long,mu+lambda-ga,reward-unhealthy_termination,ant,105,103000
1031,133.4922332763672,1064.0758056640625,-65.66216278076172,1031,4294.542725324631,105,1068.7271728515625,3.9685962200164795,999,335.2215881347656,1068.7357177734375,1067.9188232421875,657.0457763671875,136.2852783203125,970.9775390625,1069.5321044921875,999,1031,691.718505859375,-65.56816864013672,137.9951629638672,999,441.21270751953125,1070.376953125,1693586434.0886383,-66.58382415771484,lgp-long,mu+lambda-ga,reward-unhealthy_termination,ant,105,103100
1032,134.06019592285156,1064.7293701171875,-59.09907150268555,1032,4298.651350259781,105,1068.829833984375,3.9693915843963623,999,323.2710266113281,1069.00634765625,1069.9254150390625,637.4032592773438,140.76785278320312,935.7975463867188,1050.2940673828125,999,1032,683.1058959960938,-68.02547454833984,112.24771881103516,999,453.29327392578125,1070.5367431640625,1693586438.1972632,-66.4944839477539,lgp-long,mu+lambda-ga,reward-unhealthy_termination,ant,105,103200
1033,139.90408325195312,1070.6456298828125,-70.60697174072266,1033,4302.75962138176,105,1070.077392578125,3.9698996543884277,999,376.185546875,1070.353515625,1062.7528076171875,612.19287109375,131.8441925048828,897.5713500976562,1072.491943359375,999,1033,701.848876953125,-66.2479019165039,145.94424438476562,999,406.0397644042969,1075.224853515625,1693586442.3055344,-66.4446792602539,lgp-long,mu+lambda-ga,reward-unhealthy_termination,ant,105,103300
1034,106.73259735107422,1045.6220703125,-68.42053985595703,1034,4306.768006324768,105,1070.136962890625,3.9673407077789307,999,330.2127685546875,1070.3453369140625,1057.326904296875,671.260009765625,122.90480041503906,932.0311889648438,1070.5697021484375,999,1034,745.81201171875,-62.72334671020508,141.8031463623047,999,475.5776672363281,1071.2122802734375,1693586446.3139193,-58.22896194458008,lgp-long,mu+lambda-ga,reward-unhealthy_termination,ant,105,103400
1035,110.23152160644531,1047.6240234375,-58.471435546875,1035,4310.875811338425,105,1069.00048828125,3.9707558155059814,999,328.72222900390625,1069.3082275390625,1068.4237060546875,680.1856689453125,136.85276794433594,968.5469970703125,1042.677001953125,999,1035,706.658203125,-65.63123321533203,104.03163146972656,999,518.2862548828125,1069.8753662109375,1693586450.4217243,-59.73061752319336,lgp-long,mu+lambda-ga,reward-unhealthy_termination,ant,105,103500
1036,139.04971313476562,1069.4456787109375,-59.0362663269043,1036,4314.883421182632,105,1070.003173828125,3.9657018184661865,999,281.2884521484375,1070.2237548828125,1059.4781494140625,733.0721435546875,127.42620086669922,984.2144165039062,1051.6214599609375,999,1036,760.5654296875,-65.09811401367188,113.53301239013672,999,540.6259155273438,1071.0064697265625,1693586454.4293342,-66.78386688232422,lgp-long,mu+lambda-ga,reward-unhealthy_termination,ant,105,103600
1037,135.8106231689453,1065.3486328125,-67.68099212646484,1037,4318.890290975571,105,1068.4189453125,3.9642269611358643,999,308.25762939453125,1069.053466796875,1048.9677734375,715.2274169921875,109.7907485961914,984.2196044921875,1064.48583984375,999,1037,726.99560546875,-57.962276458740234,135.00576782226562,999,523.1424560546875,1070.7237548828125,1693586458.436204,-67.61912536621094,lgp-long,mu+lambda-ga,reward-unhealthy_termination,ant,105,103700
1038,134.58407592773438,1063.7708740234375,-68.00260925292969,1038,4322.8980276584625,105,1069.4052734375,3.967179536819458,999,361.2505798339844,1069.9708251953125,1069.2633056640625,689.9768676757812,137.59849548339844,981.8151245117188,1067.8580322265625,999,1038,764.3306884765625,-65.53447723388672,138.6764678955078,999,502.16497802734375,1070.3447265625,1693586462.4439406,-67.98101043701172,lgp-long,mu+lambda-ga,reward-unhealthy_termination,ant,105,103800
1039,111.41278076171875,1048.7701416015625,-60.348663330078125,1039,4326.906933784485,105,1067.9144287109375,3.9668281078338623,999,10025.6337890625,1067.9908447265625,1060.6610107421875,-287.1501770019531,128.6996307373047,982.6414794921875,1050.3551025390625,999,1039,747.7835083007812,-65.19160461425781,113.5699462890625,999,495.14569091796875,1069.9466552734375,1693586466.4528468,-59.7640495300293,lgp-long,mu+lambda-ga,reward-unhealthy_termination,ant,105,103900
1040,139.03988647460938,1070.2454833984375,-67.3804702758789,1040,4330.915735006332,105,1067.47412109375,3.968592643737793,999,254.8131103515625,1069.072998046875,1066.7703857421875,814.5571899414062,134.6942138671875,995.9913330078125,1069.9559326171875,999,1040,947.8099365234375,-65.11585235595703,140.1527557373047,999,676.1588134765625,1072.3128662109375,1693586470.461648,-65.98628997802734,lgp-long,mu+lambda-ga,reward-unhealthy_termination,ant,105,104000
1041,132.36477661132812,1062.3148193359375,-66.93119812011719,1041,4334.922841310501,105,1067.9703369140625,3.966325044631958,999,296.478271484375,1068.1832275390625,1059.8291015625,733.671630859375,129.6402130126953,981.5632934570312,1063.9095458984375,999,1041,790.67578125,-66.95399475097656,133.6807403564453,999,533.7880249023438,1068.9818115234375,1693586474.4687543,-67.2040786743164,lgp-long,mu+lambda-ga,reward-unhealthy_termination,ant,105,104100
1042,130.4664306640625,1061.84716796875,-67.30123138427734,1042,4339.030875444412,105,1070.212158203125,3.970747232437134,999,275.2146301269531,1070.38330078125,1065.299072265625,758.9116821289062,136.42601013183594,982.5238647460938,1071.038818359375,999,1042,846.4483642578125,-68.293212890625,141.1451873779297,999,595.8180541992188,1070.714111328125,1693586478.5767884,-65.7717056274414,lgp-long,mu+lambda-ga,reward-unhealthy_termination,ant,105,104200
1043,135.02554321289062,1066.1151123046875,-66.00175476074219,1043,4343.038415431976,105,1069.9393310546875,3.965486764907837,999,292.65728759765625,1070.2139892578125,1069.0771484375,767.23828125,139.37107849121094,982.98388671875,1059.242919921875,999,1043,855.7396240234375,-67.47783660888672,128.08848571777344,999,672.98779296875,1070.3807373046875,1693586482.5843284,-66.08927154541016,lgp-long,mu+lambda-ga,reward-unhealthy_termination,ant,105,104300
1044,110.80641174316406,1048.8218994140625,-67.85914611816406,1044,4347.14642739296,105,1067.423095703125,3.968620538711548,999,272.4038391113281,1069.576171875,1057.715087890625,764.55078125,125.80742645263672,983.73583984375,1070.210693359375,999,1044,873.1961669921875,-65.24304962158203,140.8917999267578,999,548.5809326171875,1070.29296875,1693586486.6923404,-59.119293212890625,lgp-long,mu+lambda-ga,reward-unhealthy_termination,ant,105,104400
1045,134.163330078125,1065.414306640625,-65.84793853759766,1045,4351.2545773983,105,1067.7381591796875,3.970980167388916,999,294.45306396484375,1068.1640625,1068.1405029296875,756.1109008789062,136.46775817871094,988.7847900390625,1061.1490478515625,999,1045,855.2898559570312,-65.52488708496094,129.8615264892578,999,584.2984619140625,1070.74267578125,1693586490.8004904,-65.93147277832031,lgp-long,mu+lambda-ga,reward-unhealthy_termination,ant,105,104500
1046,137.1373748779297,1064.7698974609375,-67.09837341308594,1046,4355.362301826477,105,1069.02685546875,3.970608949661255,999,295.8604431152344,1069.3096923828125,1069.133544921875,756.8987426757812,138.759033203125,982.7918701171875,1058.773193359375,999,1046,878.774658203125,-66.82027435302734,128.73291015625,999,586.8441162109375,1070.0523681640625,1693586494.9082148,-69.52361297607422,lgp-long,mu+lambda-ga,reward-unhealthy_termination,ant,105,104600
1047,137.18081665039062,1068.7587890625,-59.68766403198242,1047,4359.369504213333,105,1067.93505859375,3.966310977935791,999,307.6099853515625,1068.2607421875,1048.2742919921875,760.04296875,109.1854476928711,985.654052734375,1048.5513916015625,999,1047,877.7242431640625,-58.03950119018555,111.10945892333984,999,591.64794921875,1069.6448974609375,1693586498.9154172,-65.61723327636719,lgp-long,mu+lambda-ga,reward-unhealthy_termination,ant,105,104700
1048,128.77444458007812,1060.5364990234375,-67.13631439208984,1048,4363.477233886719,105,1067.7977294921875,3.9680163860321045,999,267.8013610839844,1067.9566650390625,1068.1104736328125,797.4609375,136.82418823242188,993.0507202148438,1063.1363525390625,999,1048,915.4246826171875,-65.90274810791016,133.1171875,999,688.3025512695312,1068.8369140625,1693586503.0231469,-65.40353393554688,lgp-long,mu+lambda-ga,reward-unhealthy_termination,ant,105,104800
1049,134.4555206298828,1064.0516357421875,-66.6158218383789,1049,4367.485325098038,105,1067.8885498046875,3.966529130935669,999,10029.6455078125,1068.0313720703125,1067.4678955078125,-245.12124633789062,136.64329528808594,991.4483032226562,1067.5394287109375,999,1049,798.58935546875,-66.35958862304688,136.9813232421875,999,608.4262084960938,1070.2236328125,1693586507.031238,-67.56007385253906,lgp-long,mu+lambda-ga,reward-unhealthy_termination,ant,105,104900
1050,133.14256286621094,1063.2034912109375,-65.64115142822266,1050,4371.493462085724,105,1068.4229736328125,3.9646871089935303,999,262.08331298828125,1070.670654296875,1057.3270263671875,800.9638061523438,125.70588684082031,982.4869995117188,1066.92333984375,999,1050,942.779296875,-65.5151596069336,135.37759399414062,999,675.988525390625,1072.4698486328125,1693586511.039375,-67.10620880126953,lgp-long,mu+lambda-ga,reward-unhealthy_termination,ant,105,105000
1051,135.39329528808594,1065.74267578125,-66.5751953125,1051,4375.600409984589,105,1068.4864501953125,3.9705028533935547,999,284.1171875,1070.1949462890625,1068.1669921875,788.6932373046875,138.7526092529297,983.4679565429688,1064.9921875,999,1051,933.5933837890625,-67.76766204833984,134.39476013183594,999,662.5875854492188,1070.916259765625,1693586515.146323,-66.81365203857422,lgp-long,mu+lambda-ga,reward-unhealthy_termination,ant,105,105100
1052,136.45420837402344,1068.127197265625,-66.4852523803711,1052,4379.709743261337,105,1068.3331298828125,3.9741642475128174,999,342.31988525390625,1069.080322265625,1061.6402587890625,710.0218505859375,129.5409698486328,980.0462036132812,1070.3870849609375,999,1052,799.8177490234375,-65.06454467773438,139.68045043945312,999,548.8419189453125,1070.140625,1693586519.2556562,-65.52363586425781,lgp-long,mu+lambda-ga,reward-unhealthy_termination,ant,105,105200
1053,139.13990783691406,1069.06982421875,-66.46247863769531,1053,4383.817753076553,105,1068.4892578125,3.9694724082946777,999,360.31256103515625,1068.6202392578125,1048.9544677734375,677.1157836914062,110.39788055419922,982.3355102539062,1069.8773193359375,999,1053,729.990234375,-58.58863067626953,139.13755798339844,999,418.9609375,1070.1885986328125,1693586523.363666,-67.2571029663086,lgp-long,mu+lambda-ga,reward-unhealthy_termination,ant,105,105300
1054,124.60247039794922,1057.501953125,-64.85791778564453,1054,4387.824392795563,105,1067.268310546875,3.9633376598358154,999,311.87451171875,1068.1658935546875,1044.2022705078125,718.6627807617188,107.1618423461914,974.9236450195312,1065.6982421875,999,1054,821.330078125,-60.07898712158203,133.38372802734375,999,572.360107421875,1071.269775390625,1693586527.3703058,-64.2557601928711,lgp-long,mu+lambda-ga,reward-unhealthy_termination,ant,105,105400
1055,103.201904296875,1041.3953857421875,-64.50321197509766,1055,4391.934007644653,105,1068.261474609375,3.9711415767669678,999,373.308837890625,1068.5745849609375,1068.2305908203125,691.536865234375,136.95530700683594,990.2025146484375,1068.3643798828125,999,1055,814.1437377929688,-65.9132308959961,135.6776885986328,999,486.25537109375,1068.63720703125,1693586531.4799206,-58.9073371887207,lgp-long,mu+lambda-ga,reward-unhealthy_termination,ant,105,105500
1056,132.86790466308594,1063.730712890625,-61.2492790222168,1056,4396.042718887329,105,1069.7506103515625,3.9725050926208496,999,361.9009094238281,1070.4586181640625,1065.439697265625,693.0493774414062,135.58616638183594,991.9697265625,1049.83203125,999,1056,829.970703125,-67.34162139892578,113.9524917602539,999,446.72906494140625,1072.02001953125,1693586535.5886319,-66.3100814819336,lgp-long,mu+lambda-ga,reward-unhealthy_termination,ant,105,105600
1057,137.56040954589844,1068.7957763671875,-59.0678596496582,1057,4400.148628473282,105,1068.704345703125,3.972386360168457,999,327.317626953125,1069.560302734375,1057.3092041015625,752.5556030273438,122.72991180419922,996.5462036132812,1044.4326171875,999,1057,910.6585083007812,-62.575164794921875,106.37615966796875,999,594.0736083984375,1071.3519287109375,1693586539.6945415,-65.95743560791016,lgp-long,mu+lambda-ga,reward-unhealthy_termination,ant,105,105700
1058,132.40391540527344,1062.916015625,-67.08199310302734,1058,4404.257029294968,105,1067.4376220703125,3.971078395843506,999,278.69818115234375,1067.7431640625,1062.8057861328125,744.1354370117188,131.8087615966797,984.63134765625,1064.798095703125,999,1058,764.1564331054688,-66.1628189086914,134.7109832763672,999,566.5184936523438,1069.2005615234375,1693586543.8029423,-66.6516342163086,lgp-long,mu+lambda-ga,reward-unhealthy_termination,ant,105,105800
1059,108.00536346435547,1045.570556640625,-66.86437225341797,1059,4408.366166830063,105,1067.8701171875,3.9714553356170654,999,289.8321228027344,1069.2564697265625,1063.8153076171875,713.4481201171875,130.34585571289062,974.62255859375,1062.846435546875,999,1059,723.174072265625,-63.738380432128906,132.56541442871094,999,481.2911071777344,1069.7431640625,1693586547.9120798,-59.56170654296875,lgp-long,mu+lambda-ga,reward-unhealthy_termination,ant,105,105900
1060,140.05203247070312,1069.591796875,-68.66078186035156,1060,4412.475774526596,105,1069.3697509765625,3.972208261489868,999,389.66302490234375,1069.79931640625,1049.014404296875,649.0299072265625,110.1644515991211,974.1060791015625,1063.7230224609375,999,1060,706.9381103515625,-58.288490295410156,135.22531127929688,999,445.973388671875,1071.330810546875,1693586552.0216875,-67.64446258544922,lgp-long,mu+lambda-ga,reward-unhealthy_termination,ant,105,106000
1061,125.54878234863281,1060.04736328125,-64.93013763427734,1061,4416.583854436874,105,1067.3919677734375,3.9687602519989014,999,10026.0810546875,1067.5330810546875,1067.1141357421875,-293.03466796875,135.42503356933594,976.1123657226562,1061.1180419921875,999,1061,766.3621826171875,-65.50652313232422,128.88723754882812,999,557.3416748046875,1068.0301513671875,1693586556.1297674,-62.7010383605957,lgp-long,mu+lambda-ga,reward-unhealthy_termination,ant,105,106100
1062,109.71504974365234,1047.5950927734375,-66.4557876586914,1062,4420.692456007004,105,1067.4144287109375,3.9688544273376465,999,332.0170593261719,1068.9205322265625,1060.629150390625,715.72216796875,126.2505111694336,992.936767578125,1064.7923583984375,999,1062,850.9022216796875,-62.80900192260742,134.0762481689453,999,474.8419189453125,1070.76708984375,1693586560.238369,-59.24630355834961,lgp-long,mu+lambda-ga,reward-unhealthy_termination,ant,105,106200
1063,110.49553680419922,1048.492919921875,-66.54187774658203,1063,4424.800943374634,105,1069.7108154296875,3.970357656478882,999,327.0314025878906,1069.8228759765625,1063.5992431640625,679.5809326171875,132.10528564453125,984.5678100585938,1069.9759521484375,999,1063,710.14208984375,-65.67250061035156,139.3152313232422,999,471.85955810546875,1070.6820068359375,1693586564.3468564,-59.138427734375,lgp-long,mu+lambda-ga,reward-unhealthy_termination,ant,105,106300
1064,136.1891326904297,1068.2591552734375,-59.71456527709961,1064,4428.906787633896,105,1067.5750732421875,3.9679207801818848,999,315.0872802734375,1067.794921875,1060.9068603515625,754.5667114257812,126.76204681396484,983.1912231445312,1048.2919921875,999,1064,882.155517578125,-63.030731201171875,110.87640380859375,999,562.03125,1070.7537841796875,1693586568.4527006,-65.12911224365234,lgp-long,mu+lambda-ga,reward-unhealthy_termination,ant,105,106400
1065,138.68344116210938,1069.16748046875,-66.03515625,1065,4433.015728235245,105,1067.4991455078125,3.972606897354126,999,325.4017333984375,1069.484375,1042.437255859375,705.0985717773438,102.85672760009766,991.69482421875,1067.77001953125,999,1065,747.810791015625,-57.5408821105957,136.6226806640625,999,501.2659912109375,1070.0069580078125,1693586572.5616412,-66.70752716064453,lgp-long,mu+lambda-ga,reward-unhealthy_termination,ant,105,106500
1066,131.42576599121094,1062.4935302734375,-66.71724700927734,1066,4437.024659156799,105,1068.395751953125,3.967677354812622,999,309.5866394042969,1069.5806884765625,1068.6375732421875,715.5786743164062,138.8913116455078,976.4488525390625,1070.2451171875,999,1066,735.0547485351562,-67.43807983398438,139.76771545410156,999,546.7252197265625,1070.75830078125,1693586576.5705721,-66.09730529785156,lgp-long,mu+lambda-ga,reward-unhealthy_termination,ant,105,106600
1067,137.8606414794922,1069.0052490234375,-65.54804992675781,1067,4441.130439996719,105,1069.325927734375,3.968217134475708,999,362.64013671875,1070.56396484375,1040.7725830078125,669.4620361328125,100.32070922851562,955.5374755859375,1069.7032470703125,999,1067,717.4691162109375,-56.65714645385742,138.05406188964844,999,484.19622802734375,1070.61083984375,1693586580.676353,-66.03365325927734,lgp-long,mu+lambda-ga,reward-unhealthy_termination,ant,105,106700
1068,137.16085815429688,1067.6500244140625,-59.00921630859375,1068,4445.2393000125885,105,1067.8587646484375,3.970656633377075,999,360.0425109863281,1069.293212890625,1064.6912841796875,694.2449951171875,133.69406127929688,990.425048828125,1050.2431640625,999,1068,780.2431640625,-66.1716079711914,112.01496887207031,999,467.6784362792969,1070.803466796875,1693586584.785213,-66.70317840576172,lgp-long,mu+lambda-ga,reward-unhealthy_termination,ant,105,106800
1069,130.1883544921875,1061.761962890625,-60.14141845703125,1069,4449.347862958908,105,1067.1297607421875,3.9711828231811523,999,389.066162109375,1069.0333251953125,1067.9378662109375,658.9867553710938,137.561279296875,971.4130249023438,1050.3558349609375,999,1069,736.2530517578125,-66.81153869628906,113.36244201660156,999,468.72222900390625,1072.174560546875,1693586588.893776,-65.59282684326172,lgp-long,mu+lambda-ga,reward-unhealthy_termination,ant,105,106900
1070,123.7763442993164,1057.484619140625,-64.68623352050781,1070,4453.4556086063385,105,1069.1038818359375,3.96954607963562,999,10023.79296875,1070.07470703125,1069.6312255859375,-328.3531494140625,138.68545532226562,967.3654174804688,1062.3529052734375,999,1070,742.53515625,-66.257080078125,129.86221313476562,999,504.67333984375,1071.732421875,1693586593.0015216,-63.43293380737305,lgp-long,mu+lambda-ga,reward-unhealthy_termination,ant,105,107000
1071,132.15480041503906,1062.485107421875,-60.98383712768555,1071,4457.564195632935,105,1069.43212890625,3.9708149433135986,999,247.5386962890625,1069.4718017578125,1070.3114013671875,808.21826171875,142.2405242919922,982.3702392578125,1050.9993896484375,999,1071,881.7178955078125,-69.1149673461914,114.85870361328125,999,686.2633056640625,1071.8577880859375,1693586597.1101086,-66.83635711669922,lgp-long,mu+lambda-ga,reward-unhealthy_termination,ant,105,107100
1072,129.4184112548828,1062.64306640625,-58.30855941772461,1072,4461.673091650009,105,1068.4095458984375,3.9701404571533203,999,281.2948303222656,1069.115234375,1068.6136474609375,760.6254272460938,137.24203491210938,982.9156494140625,1047.1160888671875,999,1072,875.12890625,-65.82666015625,108.2916488647461,999,584.4991455078125,1069.8037109375,1693586601.2190046,-63.96649169921875,lgp-long,mu+lambda-ga,reward-unhealthy_termination,ant,105,107200
1073,137.36257934570312,1068.60888671875,-68.29192352294922,1073,4465.7820835113525,105,1067.8892822265625,3.9750518798828125,999,326.3987121582031,1068.5816650390625,1065.3568115234375,718.0462036132812,134.1129913330078,987.3240966796875,1068.9521484375,999,1073,824.0657958984375,-65.9323959350586,140.0703582763672,999,577.3037109375,1071.1522216796875,1693586605.3279965,-65.9521255493164,lgp-long,mu+lambda-ga,reward-unhealthy_termination,ant,105,107300
1074,108.5555648803711,1046.9990234375,-64.61431121826172,1074,4469.890702486038,105,1067.1619873046875,4.0163092613220215,999,268.5294494628906,1067.4705810546875,1066.8973388671875,774.6432495117188,135.20933532714844,978.308837890625,1065.5037841796875,999,1074,863.5701904296875,-65.5147705078125,132.9373016357422,999,609.5928344726562,1071.4954833984375,1693586609.4366155,-58.690185546875,lgp-long,mu+lambda-ga,reward-unhealthy_termination,ant,105,107400
1075,132.05845642089844,1063.9381103515625,-64.1341552734375,1075,4473.998039007187,105,1067.2525634765625,4.004152297973633,999,327.7104187011719,1070.3819580078125,1059.617431640625,701.0059204101562,128.778076171875,979.810791015625,1065.1663818359375,999,1075,755.693603515625,-66.33074951171875,132.12123107910156,999,495.40802001953125,1070.43798828125,1693586613.543952,-65.28653717041016,lgp-long,mu+lambda-ga,reward-unhealthy_termination,ant,105,107500
1076,137.12098693847656,1067.3358154296875,-64.98503112792969,1076,4478.106124639511,105,1067.11083984375,4.00377893447876,999,335.5415344238281,1069.4674072265625,1048.1165771484375,696.6532592773438,109.15852355957031,979.2890014648438,1069.33740234375,999,1076,744.677734375,-58.18461227416992,137.13279724121094,999,477.908935546875,1071.489990234375,1693586617.6520376,-66.97846984863281,lgp-long,mu+lambda-ga,reward-unhealthy_termination,ant,105,107600
1077,132.51942443847656,1062.4462890625,-67.07974243164062,1077,4482.215216159821,105,1066.96533203125,4.004809379577637,999,311.89019775390625,1068.4637451171875,1058.74072265625,671.2625122070312,124.7930679321289,954.7448120117188,1068.5225830078125,999,1077,699.4808349609375,-63.21204376220703,138.410888671875,999,459.5768127441406,1068.50927734375,1693586621.7611291,-67.23799133300781,lgp-long,mu+lambda-ga,reward-unhealthy_termination,ant,105,107700
1078,133.08787536621094,1063.4105224609375,-65.80132293701172,1078,4486.324493646622,105,1067.9423828125,4.001962184906006,999,302.04736328125,1069.6025390625,1067.3099365234375,765.1436767578125,137.02456665039062,989.83447265625,1068.8714599609375,999,1078,880.6429443359375,-66.90338134765625,137.4801025390625,999,678.4694213867188,1070.755859375,1693586625.8704066,-66.83553314208984,lgp-long,mu+lambda-ga,reward-unhealthy_termination,ant,105,107800
1079,136.2369842529297,1067.38232421875,-67.28014373779297,1079,4490.431720972061,105,1069.327880859375,4.006917476654053,999,324.3197326660156,1069.3709716796875,1069.4788818359375,709.968017578125,139.5688018798828,985.4000854492188,1067.0286865234375,999,1079,760.2132568359375,-67.28015899658203,137.1428680419922,999,481.895751953125,1070.123291015625,1693586629.977634,-66.04371643066406,lgp-long,mu+lambda-ga,reward-unhealthy_termination,ant,105,107900
1080,135.092529296875,1065.9068603515625,-66.55670166015625,1080,4494.540425539017,105,1068.7960205078125,4.003535747528076,999,324.7760314941406,1069.9281005859375,1063.4515380859375,675.9839477539062,131.141357421875,965.7210693359375,1070.0018310546875,999,1080,706.4149780273438,-64.85796356201172,139.36997985839844,999,445.826416015625,1070.9635009765625,1693586634.0863385,-66.35761260986328,lgp-long,mu+lambda-ga,reward-unhealthy_termination,ant,105,108000
1081,81.90966033935547,1026.6376953125,-62.773963928222656,1081,4498.64911365509,105,1066.998046875,4.005088806152344,999,345.7236328125,1067.2244873046875,1066.9044189453125,635.6467895507812,136.09739685058594,941.9495239257812,1057.797607421875,999,1081,702.503173828125,-66.38834381103516,123.41240692138672,999,403.1714782714844,1070.813720703125,1693586638.1950266,-52.35282516479492,lgp-long,mu+lambda-ga,reward-unhealthy_termination,ant,105,108100
1082,139.017578125,1069.4407958984375,-65.68414306640625,1082,4502.755744457245,105,1068.0592041015625,3.9904391765594482,999,285.6054382324219,1068.8985595703125,1068.369384765625,732.21484375,136.21124267578125,988.4364624023438,1068.5789794921875,999,1082,755.9315185546875,-65.024658203125,137.0737762451172,999,555.809326171875,1069.8670654296875,1693586642.3016574,-66.7736587524414,lgp-long,mu+lambda-ga,reward-unhealthy_termination,ant,105,108200
1083,125.64241027832031,1057.9749755859375,-67.18749237060547,1083,4506.864114522934,105,1067.2220458984375,3.9727931022644043,999,322.0113830566406,1067.4874267578125,1050.5057373046875,708.7860107421875,116.13313293457031,977.6181030273438,1069.4071044921875,999,1083,800.7921752929688,-62.762691497802734,139.40093994140625,999,496.9185791015625,1070.9957275390625,1693586646.4100275,-64.81119537353516,lgp-long,mu+lambda-ga,reward-unhealthy_termination,ant,105,108300
1084,106.52410888671875,1044.0101318359375,-65.9151382446289,1084,4510.972037315369,105,1069.0550537109375,3.96881103515625,999,324.23809814453125,1069.2381591796875,1047.0635986328125,697.6485595703125,108.22637176513672,978.4252319335938,1065.1922607421875,999,1084,763.4979248046875,-58.3047981262207,133.93167114257812,999,481.392333984375,1069.4449462890625,1693586650.5179503,-59.6209716796875,lgp-long,mu+lambda-ga,reward-unhealthy_termination,ant,105,108400
1085,135.7584686279297,1067.9349365234375,-65.26201629638672,1085,4515.084545135498,105,1069.5794677734375,3.970947265625,999,338.95001220703125,1070.09423828125,1063.1175537109375,710.563720703125,129.61720275878906,985.2760009765625,1069.0570068359375,999,1085,792.3829345703125,-63.67629623413086,137.11851501464844,999,529.9896240234375,1070.2362060546875,1693586654.630458,-65.01923370361328,lgp-long,mu+lambda-ga,reward-unhealthy_termination,ant,105,108500
1086,137.9519805908203,1069.4876708984375,-66.24166107177734,1086,4519.188896417618,105,1068.914306640625,3.9815149307250977,999,367.5591735839844,1069.1107177734375,1058.95703125,653.873046875,127.8682632446289,970.9490966796875,1070.4508056640625,999,1086,697.4122314453125,-66.06185913085938,139.50067138671875,999,474.3804016113281,1070.528076171875,1693586658.7348094,-65.64961242675781,lgp-long,mu+lambda-ga,reward-unhealthy_termination,ant,105,108600
1087,139.37429809570312,1070.6168212890625,-65.89563751220703,1087,4523.296981334686,105,1069.1536865234375,3.978057384490967,999,321.13409423828125,1070.40576171875,1062.4766845703125,723.525634765625,133.1002655029297,982.4879150390625,1063.8525390625,999,1087,851.229248046875,-67.78400421142578,132.58303833007812,999,472.6170959472656,1072.006591796875,1693586662.8428943,-65.9666748046875,lgp-long,mu+lambda-ga,reward-unhealthy_termination,ant,105,108700
1088,138.09463500976562,1068.3216552734375,-68.19127655029297,1088,4527.404676437378,105,1068.6536865234375,3.971494674682617,999,10024.880859375,1068.9381103515625,1069.888916015625,-301.7663269042969,138.797119140625,979.3045654296875,1069.0823974609375,999,1088,750.1310424804688,-66.10027313232422,140.086181640625,999,488.9555969238281,1069.174072265625,1693586666.9505894,-66.9639892578125,lgp-long,mu+lambda-ga,reward-unhealthy_termination,ant,105,108800
1089,136.5415496826172,1068.8623046875,-59.09457015991211,1089,4531.512138605118,105,1068.5146484375,3.9723684787750244,999,301.8101501464844,1069.6199951171875,1062.4989013671875,743.260009765625,130.66635131835938,979.5796508789062,1048.3236083984375,999,1089,806.5841064453125,-65.3443832397461,110.27188873291016,999,571.815185546875,1071.21435546875,1693586671.0580516,-64.86570739746094,lgp-long,mu+lambda-ga,reward-unhealthy_termination,ant,105,108900
1090,133.87530517578125,1064.7708740234375,-66.39202117919922,1090,4535.6198117733,105,1068.3167724609375,3.976094961166382,999,335.7085876464844,1070.3367919921875,1045.5626220703125,727.2308349609375,107.64460754394531,981.6163330078125,1067.5897216796875,999,1090,854.28125,-59.22098922729492,136.7960205078125,999,526.9708251953125,1070.37939453125,1693586675.1657248,-66.27462768554688,lgp-long,mu+lambda-ga,reward-unhealthy_termination,ant,105,109000
1091,137.78599548339844,1067.9979248046875,-66.82948303222656,1091,4539.727377414703,105,1067.2796630859375,3.9714932441711426,999,329.0902099609375,1068.45556640625,1058.8653564453125,678.5204467773438,128.5935516357422,981.9957885742188,1069.8155517578125,999,1091,707.1966552734375,-66.87303924560547,139.4670867919922,999,444.74432373046875,1071.0870361328125,1693586679.2732904,-66.96886444091797,lgp-long,mu+lambda-ga,reward-unhealthy_termination,ant,105,109100
1092,131.61697387695312,1062.4921875,-67.75077056884766,1092,4543.833679437637,105,1069.0926513671875,3.9714484214782715,999,370.62701416015625,1069.3831787109375,1065.5859375,659.1140747070312,133.978271484375,973.5950927734375,1067.9326171875,999,1092,714.3181762695312,-65.56734466552734,138.52066040039062,999,453.8337707519531,1070.0,1693586683.3795924,-66.28363800048828,lgp-long,mu+lambda-ga,reward-unhealthy_termination,ant,105,109200
1093,132.12191772460938,1062.4857177734375,-65.58509063720703,1093,4547.9414303302765,105,1065.8475341796875,3.979033946990967,999,332.4981994628906,1066.1783447265625,1066.2181396484375,700.9710083007812,134.8389892578125,981.6397705078125,1063.183837890625,999,1093,825.823486328125,-65.8204116821289,131.61412048339844,999,517.3165893554688,1066.2064208984375,1693586687.4873433,-66.8001480102539,lgp-long,mu+lambda-ga,reward-unhealthy_termination,ant,105,109300
1094,137.28274536132812,1065.5584716796875,-64.19623565673828,1094,4552.048879861832,105,1067.996337890625,3.970215082168579,999,305.85894775390625,1069.0718994140625,1065.3099365234375,709.467041015625,132.86863708496094,974.9373168945312,1065.7265625,999,1094,784.5044555664062,-64.73900604248047,132.7344207763672,999,517.8287963867188,1069.3231201171875,1693586691.5947928,-68.86540222167969,lgp-long,mu+lambda-ga,reward-unhealthy_termination,ant,105,109400
1095,133.76132202148438,1065.9681396484375,-65.24090576171875,1095,4556.159395456314,105,1067.971435546875,3.970879077911377,999,295.7449951171875,1068.1785888671875,1068.377685546875,712.213134765625,137.58799743652344,977.6318359375,1068.2786865234375,999,1095,793.23388671875,-66.39861297607422,136.3346710205078,999,472.3841857910156,1068.3262939453125,1693586695.7053084,-64.98076629638672,lgp-long,mu+lambda-ga,reward-unhealthy_termination,ant,105,109500
1096,135.59378051757812,1067.245361328125,-65.74844360351562,1096,4560.266189336777,105,1067.933837890625,3.973749876022339,999,336.0241394042969,1069.296142578125,1059.575439453125,681.9800415039062,126.7711410522461,983.23974609375,1065.4647216796875,999,1096,772.1895751953125,-64.3629379272461,134.03147888183594,999,430.4260559082031,1070.6334228515625,1693586699.8121023,-65.54496002197266,lgp-long,mu+lambda-ga,reward-unhealthy_termination,ant,105,109600
1097,142.98704528808594,1070.1971435546875,-65.18180847167969,1097,4564.373608350754,105,1070.620361328125,3.9768340587615967,999,336.7243347167969,1071.41943359375,1042.882080078125,708.2692260742188,103.70110321044922,979.68408203125,1059.4803466796875,999,1097,773.670166015625,-57.9453125,127.5153579711914,999,576.9749145507812,1071.7247314453125,1693586703.9195213,-69.94441986083984,lgp-long,mu+lambda-ga,reward-unhealthy_termination,ant,105,109700
1098,137.61839294433594,1068.08740234375,-65.77252197265625,1098,4568.481713294983,105,1067.75390625,3.982919216156006,999,304.64813232421875,1069.2547607421875,1068.59375,717.9301147460938,137.9833526611328,973.0372924804688,1062.810791015625,999,1098,795.94091796875,-66.58501434326172,131.42747497558594,999,502.3912048339844,1070.192138671875,1693586708.0276263,-66.70958709716797,lgp-long,mu+lambda-ga,reward-unhealthy_termination,ant,105,109800
1099,136.36656188964844,1067.1473388671875,-66.11274719238281,1099,4572.591987609863,105,1066.6888427734375,3.981081485748291,999,325.0779113769531,1067.3328857421875,1066.4837646484375,713.6546630859375,134.59483337402344,988.564453125,1068.7713623046875,999,1099,834.859130859375,-65.3061294555664,137.68569946289062,999,470.3538818359375,1068.40771484375,1693586712.1379006,-66.41392517089844,lgp-long,mu+lambda-ga,reward-unhealthy_termination,ant,105,109900
1100,126.62401580810547,1057.5445556640625,-66.50746154785156,1100,4576.698310852051,105,1068.08740234375,3.9829623699188232,999,262.56903076171875,1069.834716796875,1062.7027587890625,764.4143676757812,131.2068328857422,976.3419799804688,1069.00537109375,999,1100,825.7564086914062,-65.67504119873047,138.32843017578125,999,631.1259765625,1070.1279296875,1693586716.2442238,-66.22406768798828,lgp-long,mu+lambda-ga,reward-unhealthy_termination,ant,105,110000
1101,134.44334411621094,1066.5150146484375,-67.27449798583984,1101,4580.805663824081,105,1066.565185546875,3.9814796447753906,999,304.5766906738281,1066.6759033203125,1058.0516357421875,682.3652954101562,125.04443359375,960.7367553710938,1067.5572509765625,999,1101,710.1893920898438,-64.1474838256836,137.65274047851562,999,463.09149169921875,1068.7696533203125,1693586720.3515768,-65.11663055419922,lgp-long,mu+lambda-ga,reward-unhealthy_termination,ant,105,110100
1102,140.54075622558594,1070.1585693359375,-70.39441680908203,1102,4584.914480924606,105,1069.2877197265625,3.9832935333251953,999,345.73004150390625,1069.4586181640625,1068.4866943359375,739.9573974609375,137.77720642089844,984.1934814453125,1068.2713623046875,999,1102,868.592529296875,-66.4769515991211,141.5290069580078,999,630.01416015625,1072.4517822265625,1693586724.460394,-67.56976318359375,lgp-long,mu+lambda-ga,reward-unhealthy_termination,ant,105,110200
1103,140.25634765625,1070.798583984375,-65.2882308959961,1103,4589.022665500641,105,1068.4339599609375,3.9810585975646973,999,281.9242248535156,1070.92041015625,1068.9630126953125,689.6655883789062,138.1058807373047,956.6890258789062,1060.712890625,999,1103,697.429443359375,-66.33187103271484,128.87229919433594,999,479.6462097167969,1072.9188232421875,1693586728.5685785,-66.65166473388672,lgp-long,mu+lambda-ga,reward-unhealthy_termination,ant,105,110300
1104,136.83639526367188,1068.0140380859375,-62.8340950012207,1104,4593.129540920258,105,1068.4215087890625,3.9791619777679443,999,357.3459167480469,1069.1805419921875,1068.408935546875,674.4774780273438,137.59788513183594,983.2164306640625,1049.9453125,999,1104,755.8460693359375,-66.37892150878906,115.67704010009766,999,385.3638610839844,1072.90869140625,1693586732.675454,-66.00463104248047,lgp-long,mu+lambda-ga,reward-unhealthy_termination,ant,105,110400
1105,137.56411743164062,1067.2425537109375,-71.95081329345703,1105,4597.240011692047,105,1070.4071044921875,3.9817569255828857,999,316.44195556640625,1070.8084716796875,1070.4359130859375,688.7257690429688,139.75282287597656,977.1700439453125,1069.5555419921875,999,1105,714.8552856445312,-66.50704956054688,144.36842346191406,999,427.3053283691406,1075.5228271484375,1693586736.7859247,-67.48786926269531,lgp-long,mu+lambda-ga,reward-unhealthy_termination,ant,105,110500
1106,129.8040771484375,1061.8975830078125,-68.21011352539062,1106,4601.347568273544,105,1069.0565185546875,3.981783390045166,999,323.692138671875,1069.731201171875,1070.1484375,717.72607421875,140.96897888183594,970.05859375,1074.1912841796875,999,1106,772.30615234375,-68.01383209228516,145.2187957763672,999,597.9141845703125,1073.948486328125,1693586740.8934813,-65.06399536132812,lgp-long,mu+lambda-ga,reward-unhealthy_termination,ant,105,110600
1107,138.75376892089844,1069.4427490234375,-70.70953369140625,1107,4605.455778121948,105,1068.884033203125,3.982886552810669,999,311.014892578125,1070.757080078125,1049.0291748046875,720.1215209960938,110.43685150146484,976.980712890625,1071.955078125,999,1107,826.6796264648438,-58.541847229003906,145.5043487548828,999,485.1850280761719,1072.5714111328125,1693586745.001691,-66.50237274169922,lgp-long,mu+lambda-ga,reward-unhealthy_termination,ant,105,110700
1108,140.09312438964844,1068.4432373046875,-66.7467269897461,1108,4609.5628707408905,105,1068.9998779296875,3.98190975189209,999,334.7153015136719,1070.1806640625,1068.8406982421875,697.3192138671875,136.9714813232422,981.7315673828125,1072.0421142578125,999,1108,746.4916381835938,-65.3238296508789,141.59091186523438,999,528.794677734375,1071.8187255859375,1693586749.1087837,-68.7890853881836,lgp-long,mu+lambda-ga,reward-unhealthy_termination,ant,105,110800
1109,136.1663818359375,1067.6112060546875,-71.29751586914062,1109,4613.671685934067,105,1067.70751953125,3.9792678356170654,999,10023.47265625,1068.503662109375,1063.837890625,-319.3533020019531,134.38426208496094,948.5742797851562,1062.5096435546875,999,1109,744.9021606445312,-67.71710968017578,136.6959686279297,999,496.05712890625,1073.909912109375,1693586753.217599,-65.74601745605469,lgp-long,mu+lambda-ga,reward-unhealthy_termination,ant,105,110900
1110,131.49484252929688,1063.6195068359375,-70.96656799316406,1110,4617.780184984207,105,1067.0771484375,3.979753255844116,999,250.57382202148438,1067.6610107421875,1064.6324462890625,813.6257934570312,134.68052673339844,1001.5921020507812,1075.4920654296875,999,1110,883.0802001953125,-67.20941925048828,149.30088806152344,999,691.6466064453125,1075.0218505859375,1693586757.326098,-65.06133270263672,lgp-long,mu+lambda-ga,reward-unhealthy_termination,ant,105,111000
1111,126.57521057128906,1057.3607177734375,-66.99735260009766,1111,4621.886124134064,105,1069.1409912109375,3.980928659439087,999,318.8465270996094,1069.947265625,1069.22998046875,712.3973388671875,137.4269561767578,978.7722778320312,1066.098876953125,999,1111,772.566162109375,-65.39061737060547,135.9287872314453,999,596.1942749023438,1071.4803466796875,1693586761.432037,-66.35616302490234,lgp-long,mu+lambda-ga,reward-unhealthy_termination,ant,105,111100
1112,137.7074432373047,1068.1531982421875,-61.8831901550293,1112,4625.996366262436,105,1065.3465576171875,3.979301929473877,999,272.9296875,1067.0030517578125,1067.418701171875,706.9010009765625,137.1890106201172,939.5770874023438,1050.2833251953125,999,1112,708.0529174804688,-66.95081329345703,115.03629302978516,999,575.64599609375,1070.310791015625,1693586765.5422792,-66.74896240234375,lgp-long,mu+lambda-ga,reward-unhealthy_termination,ant,105,111200
1113,137.2191619873047,1068.5560302734375,-60.0661735534668,1113,4630.104253768921,105,1068.610595703125,3.976963758468628,999,268.2791748046875,1068.7808837890625,1065.6043701171875,757.6010131835938,133.0496368408203,976.9688720703125,1048.4481201171875,999,1113,797.255615234375,-64.63249969482422,111.38607025146484,999,615.0814819335938,1069.093505859375,1693586769.6501667,-65.84968566894531,lgp-long,mu+lambda-ga,reward-unhealthy_termination,ant,105,111300
1114,137.96253967285156,1068.5750732421875,-65.59278106689453,1114,4634.212767124176,105,1067.789794921875,3.974209785461426,999,297.48272705078125,1068.762939453125,1052.9761962890625,735.3427734375,119.42852783203125,981.7888793945312,1068.63037109375,999,1114,786.0159301757812,-63.59164047241211,137.02659606933594,999,639.173828125,1069.85009765625,1693586773.75868,-66.57195281982422,lgp-long,mu+lambda-ga,reward-unhealthy_termination,ant,105,111400
1115,109.87444305419922,1047.7855224609375,-65.28205871582031,1115,4638.32040977478,105,1065.54296875,3.978041172027588,999,361.76617431640625,1067.0062255859375,1069.3597412109375,700.1749877929688,139.93150329589844,980.67578125,1067.6595458984375,999,1115,794.66748046875,-67.74761962890625,135.7501983642578,999,533.3597412109375,1068.629638671875,1693586777.8663228,-59.224822998046875,lgp-long,mu+lambda-ga,reward-unhealthy_termination,ant,105,111500
1116,124.56201171875,1059.2288818359375,-67.21047973632812,1116,4642.429091691971,105,1068.197509765625,3.9830148220062256,999,302.2975769042969,1068.759033203125,1064.406494140625,779.4534301757812,132.15704345703125,982.9081420898438,1069.5916748046875,999,1116,909.8042602539062,-64.92610168457031,139.6099395751953,999,610.8147583007812,1070.586181640625,1693586781.9750047,-62.497108459472656,lgp-long,mu+lambda-ga,reward-unhealthy_termination,ant,105,111600
1117,138.4108123779297,1069.5513916015625,-66.0815200805664,1117,4646.54315662384,105,1067.3885498046875,3.9837734699249268,999,10028.556640625,1070.892578125,1062.8695068359375,-270.06561279296875,129.0873565673828,972.4224853515625,1065.6708984375,999,1117,834.3209228515625,-63.401161193847656,134.58050537109375,999,586.2261352539062,1071.1759033203125,1693586786.0890696,-66.04141235351562,lgp-long,mu+lambda-ga,reward-unhealthy_termination,ant,105,111700
1118,133.09812927246094,1063.9615478515625,-68.49889373779297,1118,4650.646760225296,105,1067.453857421875,3.9855856895446777,999,14107.0947265625,1068.5714111328125,1061.3697509765625,-1281.47021484375,130.96055603027344,996.0098266601562,1072.2171630859375,999,1118,874.814697265625,-66.76405334472656,143.52769470214844,999,489.5346984863281,1071.53173828125,1693586790.1926732,-66.30875396728516,lgp-long,mu+lambda-ga,reward-unhealthy_termination,ant,105,111800
1119,135.21714782714844,1066.2000732421875,-65.4041519165039,1119,4654.753557682037,105,1068.6651611328125,3.9778075218200684,999,14108.8125,1068.79052734375,1068.2283935546875,-1263.7506103515625,137.0550537109375,1009.4192504882812,1067.296875,999,1119,833.0147094726562,-66.01148986816406,135.5149383544922,999,495.891357421875,1069.8564453125,1693586794.2994707,-66.18849182128906,lgp-long,mu+lambda-ga,reward-unhealthy_termination,ant,105,111900
1120,136.8682098388672,1067.5418701171875,-64.81743621826172,1120,4658.863535165787,105,1068.3076171875,3.9796504974365234,999,386.74786376953125,1068.572509765625,1060.0672607421875,707.9984130859375,127.5262222290039,1044.449462890625,1060.1590576171875,999,1120,845.953125,-64.63054656982422,127.81005859375,999,481.6049499511719,1069.237548828125,1693586798.4094481,-66.52161407470703,lgp-long,mu+lambda-ga,reward-unhealthy_termination,ant,105,112000
1121,129.8699493408203,1061.0550537109375,-67.09551239013672,1121,4662.9709684848785,105,1068.1964111328125,3.9792118072509766,999,14109.0,1069.22509765625,1065.956298828125,-1265.192138671875,134.0738067626953,989.2694091796875,1056.801025390625,999,1121,895.1619262695312,-65.30870056152344,126.77555084228516,999,481.2950439453125,1076.5645751953125,1693586802.5168815,-65.96316528320312,lgp-long,mu+lambda-ga,reward-unhealthy_termination,ant,105,112100
1122,139.8695831298828,1068.845703125,-74.4857406616211,1122,4667.0803208351135,105,1068.6868896484375,3.9757096767425537,999,21974.078125,1070.7650146484375,1068.3323974609375,-4224.71875,138.71853637695312,986.7446899414062,1067.0406494140625,999,1122,949.7245483398438,-67.55841064453125,144.36712646484375,999,675.7523803710938,1075.8778076171875,1693586806.6262338,-68.1966781616211,lgp-long,mu+lambda-ga,reward-unhealthy_termination,ant,105,112200
1123,153.50047302246094,1076.904541015625,-75.87688446044922,1123,4671.191083192825,105,1078.8421630859375,3.978085517883301,999,17184.40625,1078.9658203125,1070.2867431640625,-2302.5458984375,147.0992431640625,979.3209838867188,1079.4256591796875,999,1123,828.47216796875,-73.97174072265625,158.12364196777344,999,415.5240478515625,1081.5963134765625,1693586810.7369962,-73.77223205566406,lgp-long,mu+lambda-ga,reward-unhealthy_termination,ant,105,112300
1124,157.0452423095703,1077.5521240234375,-74.06739807128906,1124,4675.297912836075,105,1079.1453857421875,3.9787678718566895,999,10028.865234375,1079.376708984375,1078.903564453125,-286.97515869140625,157.9486541748047,984.503173828125,1071.5877685546875,999,1124,935.2003173828125,-76.23686981201172,148.4846649169922,999,428.0862121582031,1080.673095703125,1693586814.8438258,-76.6684799194336,lgp-long,mu+lambda-ga,reward-unhealthy_termination,ant,105,112400
1125,116.58636474609375,1047.9730224609375,-75.39287567138672,1125,4679.409284114838,105,1075.740234375,3.9820284843444824,999,10025.40625,1076.7440185546875,1068.83740234375,-307.86572265625,145.39553833007812,970.9397583007812,1077.732666015625,999,1125,818.8721923828125,-73.72570037841797,155.9518280029297,999,497.8620910644531,1078.091552734375,1693586818.955197,-65.71312713623047,lgp-long,mu+lambda-ga,reward-unhealthy_termination,ant,105,112500
1126,149.91001892089844,1071.8040771484375,-67.84090423583984,1126,4683.518573522568,105,1076.6312255859375,3.9819447994232178,999,363.7579345703125,1078.7337646484375,1073.3253173828125,658.5026245117188,151.02999877929688,966.3261108398438,1057.902099609375,999,1126,701.0236206054688,-74.8661117553711,128.6257781982422,999,422.87255859375,1080.204345703125,1693586823.0644865,-75.26863861083984,lgp-long,mu+lambda-ga,reward-unhealthy_termination,ant,105,112600
1127,156.9173583984375,1077.9578857421875,-75.6856918334961,1127,4687.63024187088,105,1078.9306640625,3.9741954803466797,999,438.0541687011719,1079.4952392578125,1070.13330078125,600.1075439453125,146.4561004638672,965.3599243164062,1076.5716552734375,999,1127,697.4864501953125,-73.49232482910156,155.0701141357422,999,384.65521240234375,1079.6795654296875,1693586827.1761549,-76.12848663330078,lgp-long,mu+lambda-ga,reward-unhealthy_termination,ant,105,112700
1128,161.2539520263672,1080.3350830078125,-65.99816131591797,1128,4691.739732265472,105,1078.0003662109375,3.9721851348876953,999,335.5435485839844,1078.4554443359375,1075.2301025390625,741.95263671875,154.55795288085938,982.1265869140625,1056.1517333984375,999,1128,883.3265380859375,-76.49126434326172,125.02137756347656,999,524.024658203125,1081.15869140625,1693586831.2856452,-78.0954818725586,lgp-long,mu+lambda-ga,reward-unhealthy_termination,ant,105,112800
1129,155.68736267089844,1077.8890380859375,-67.7278060913086,1129,4695.848810195923,105,1077.54150390625,3.9759104251861572,999,10023.75390625,1078.6827392578125,1072.86962890625,-342.2390441894531,150.8029327392578,982.035888671875,1055.9554443359375,999,1129,784.131103515625,-75.1008529663086,126.57079315185547,999,412.6003723144531,1079.30712890625,1693586835.3947232,-74.98045349121094,lgp-long,mu+lambda-ga,reward-unhealthy_termination,ant,105,112900
1130,157.14405822753906,1077.2083740234375,-67.7664566040039,1130,4699.960543632507,105,1077.309326171875,3.975271463394165,999,10028.853515625,1079.6781005859375,1069.3583984375,-271.3105163574219,146.005859375,977.7772216796875,1055.0555419921875,999,1130,875.2146606445312,-73.81705474853516,125.69343566894531,999,550.469482421875,1081.2686767578125,1693586839.5064566,-77.1053237915039,lgp-long,mu+lambda-ga,reward-unhealthy_termination,ant,105,113000
1131,156.58322143554688,1077.019775390625,-74.14537811279297,1131,4704.067215204239,105,1078.969482421875,3.976317882537842,999,17175.576171875,1079.0286865234375,1077.9107666015625,-2358.063720703125,156.64483642578125,977.0978393554688,1070.8642578125,999,1131,697.60986328125,-75.91582489013672,147.8611297607422,999,489.6076354980469,1079.2275390625,1693586843.6131282,-76.73963928222656,lgp-long,mu+lambda-ga,reward-unhealthy_termination,ant,105,113100
1132,155.5843963623047,1077.1689453125,-70.32157135009766,1132,4708.176775693893,105,1077.20361328125,3.970881462097168,999,262.0979919433594,1077.69580078125,1055.6572265625,803.8539428710938,126.2649917602539,987.6529541015625,1063.1605224609375,999,1132,897.8351440429688,-67.73241424560547,136.34339904785156,999,665.5714111328125,1079.4833984375,1693586847.7226887,-75.5936508178711,lgp-long,mu+lambda-ga,reward-unhealthy_termination,ant,105,113200
1133,156.15835571289062,1077.288330078125,-73.89418029785156,1133,4712.28813958168,105,1078.0960693359375,3.971937894821167,999,14094.9296875,1078.216552734375,1049.2484130859375,-1366.5068359375,118.48406219482422,971.974853515625,1071.7322998046875,999,1133,684.7094116210938,-66.34754943847656,148.46327209472656,999,316.99664306640625,1079.5184326171875,1693586851.8340526,-76.04417419433594,lgp-long,mu+lambda-ga,reward-unhealthy_termination,ant,105,113300
1134,157.45156860351562,1077.8001708984375,-74.72430419921875,1134,4716.39602637291,105,1077.5391845703125,3.97292423248291,999,417.6071472167969,1077.8140869140625,1076.2108154296875,666.18896484375,154.62326049804688,982.275146484375,1079.3397216796875,999,1134,752.2711791992188,-75.5991439819336,156.8712615966797,999,478.40673828125,1078.649658203125,1693586855.9419394,-76.82466125488281,lgp-long,mu+lambda-ga,reward-unhealthy_termination,ant,105,113400
1135,157.25303649902344,1079.595703125,-75.67047119140625,1135,4720.5062165260315,105,1077.06103515625,3.9743740558624268,999,326.7056884765625,1079.8751220703125,1070.087158203125,732.644287109375,147.44163513183594,981.10302734375,1080.03662109375,999,1135,825.4981689453125,-74.50992584228516,158.52490234375,999,614.0579223632812,1080.9974365234375,1693586860.0521295,-74.84075164794922,lgp-long,mu+lambda-ga,reward-unhealthy_termination,ant,105,113500
1136,151.87205505371094,1072.5653076171875,-69.04663848876953,1136,4724.618374109268,105,1077.8046875,3.974642753601074,999,348.7364501953125,1078.193359375,1053.911376953125,680.2899780273438,122.0751953125,962.1356811523438,1055.725830078125,999,1136,795.9884033203125,-65.2933120727539,127.64654541015625,999,491.15081787109375,1079.363525390625,1693586864.164287,-76.47608947753906,lgp-long,mu+lambda-ga,reward-unhealthy_termination,ant,105,113600
1137,126.00853729248047,1055.9593505859375,-76.2394027709961,1137,4728.728077173233,105,1077.388427734375,3.9755759239196777,999,324.3512878417969,1078.845458984375,1077.6290283203125,694.2193603515625,157.00057983398438,967.2406005859375,1079.7664794921875,999,1137,793.7005615234375,-76.55062866210938,158.825439453125,999,494.7296447753906,1079.8792724609375,1693586868.2739902,-67.17298889160156,lgp-long,mu+lambda-ga,reward-unhealthy_termination,ant,105,113700
1138,157.30174255371094,1079.3206787109375,-75.29900360107422,1138,4732.8415541648865,105,1078.484375,3.97664475440979,999,10023.345703125,1079.385986328125,1072.8226318359375,-319.3433532714844,152.32095336914062,981.1017456054688,1073.416748046875,999,1138,743.567626953125,-76.6453857421875,151.5586700439453,999,438.9944763183594,1081.0975341796875,1693586872.3874671,-75.17252349853516,lgp-long,mu+lambda-ga,reward-unhealthy_termination,ant,105,113800
1139,147.6064453125,1069.6510009765625,-77.37452697753906,1139,4736.95219707489,105,1078.6318359375,3.981013298034668,999,344.586669921875,1080.150390625,1078.5078125,698.1917114257812,157.89578247070312,970.6656494140625,1078.8958740234375,999,1139,734.2781372070312,-76.5806655883789,159.09837341308594,999,545.94384765625,1080.2095947265625,1693586876.49811,-75.10841369628906,lgp-long,mu+lambda-ga,reward-unhealthy_termination,ant,105,113900
1140,157.932373046875,1079.3486328125,-75.354248046875,1140,4741.065528154373,105,1077.281982421875,3.974905014038086,999,358.7941589355469,1078.7353515625,1077.5155029296875,641.6203002929688,157.0017547607422,979.6046142578125,1079.3739013671875,999,1140,686.427734375,-76.66007232666016,157.54879760742188,999,407.7295227050781,1079.5616455078125,1693586880.6114411,-75.76163482666016,lgp-long,mu+lambda-ga,reward-unhealthy_termination,ant,105,114000
1141,129.0541229248047,1056.3587646484375,-75.98331451416016,1141,4745.172983884811,105,1078.206298828125,3.972881555557251,999,14100.7294921875,1078.846435546875,1078.3697509765625,-1325.48095703125,156.6237030029297,980.593505859375,1078.5242919921875,999,1141,747.5307006835938,-75.42769622802734,157.3249969482422,999,460.3398742675781,1079.262451171875,1693586884.7188969,-69.816162109375,lgp-long,mu+lambda-ga,reward-unhealthy_termination,ant,105,114100
1142,137.01109313964844,1063.891357421875,-68.23609924316406,1142,4749.280866622925,105,1078.658935546875,3.9702975749969482,999,442.4814453125,1079.7833251953125,1055.3304443359375,586.2742309570312,125.44123840332031,970.2403564453125,1061.1265869140625,999,1142,691.1417236328125,-67.23716735839844,132.21766662597656,999,297.1671142578125,1080.18017578125,1693586888.8267796,-70.25798797607422,lgp-long,mu+lambda-ga,reward-unhealthy_termination,ant,105,114200
1143,139.5734405517578,1066.129638671875,-76.60952758789062,1143,4753.388751983643,105,1078.5411376953125,3.972609519958496,999,14106.8505859375,1080.4150390625,1068.6175537109375,-1282.735595703125,144.82461547851562,976.5029296875,1080.5447998046875,999,1143,814.7723388671875,-73.37531280517578,159.97015380859375,999,557.0726928710938,1080.560302734375,1693586892.934665,-70.6474380493164,lgp-long,mu+lambda-ga,reward-unhealthy_termination,ant,105,114300
1144,149.1851043701172,1071.0648193359375,-75.83418273925781,1144,4757.496638059616,105,1077.8753662109375,3.972670078277588,999,416.56463623046875,1078.103515625,1069.629150390625,604.5180053710938,148.85675048828125,981.9599609375,1077.7093505859375,999,1144,654.9744262695312,-76.3906478881836,156.37269592285156,999,375.9568176269531,1078.2587890625,1693586897.042551,-75.27851867675781,lgp-long,mu+lambda-ga,reward-unhealthy_termination,ant,105,114400
1145,149.89736938476562,1071.9520263671875,-66.76112365722656,1145,4761.603218078613,105,1078.246826171875,3.9704983234405518,999,367.6900939941406,1078.674560546875,1056.5902099609375,633.1124267578125,128.10415649414062,968.8914794921875,1057.698486328125,999,1145,690.2459716796875,-68.64693450927734,127.3294448852539,999,418.6062927246094,1080.787841796875,1693586901.149131,-75.10023498535156,lgp-long,mu+lambda-ga,reward-unhealthy_termination,ant,105,114500
1146,127.07405090332031,1056.4521484375,-77.60313415527344,1146,4765.712927103043,105,1076.346923828125,3.97200608253479,999,10017.51171875,1076.97509765625,1074.5340576171875,-394.859375,151.7318115234375,959.7904052734375,1079.4295654296875,999,1146,664.3438720703125,-74.348876953125,159.8474578857422,999,413.5826110839844,1079.254638671875,1693586905.25884,-67.73992919921875,lgp-long,mu+lambda-ga,reward-unhealthy_termination,ant,105,114600
1147,301.8096618652344,1122.020751953125,-182.29356384277344,1147,4769.821319103241,105,1080.526123046875,3.974184274673462,999,296.3609619140625,1113.551025390625,1057.5341796875,752.548095703125,128.479248046875,974.2494506835938,1130.6953125,999,1147,831.6861572265625,-68.06755828857422,316.20556640625,999,583.6204833984375,1122.9580078125,1693586909.367232,-176.57627868652344,lgp-long,mu+lambda-ga,reward-unhealthy_termination,ant,105,114700
1148,261.5994567871094,1098.541748046875,-184.6971893310547,1148,4773.926434755325,105,1079.38037109375,3.9785726070404053,999,285.8504638671875,1135.969482421875,1071.4114990234375,776.2192993164062,148.05764770507812,982.1351318359375,1139.3155517578125,999,1148,879.190185546875,-73.80882263183594,327.2671203613281,999,648.40625,1169.657470703125,1693586913.4723477,-159.86131286621094,lgp-long,mu+lambda-ga,reward-unhealthy_termination,ant,105,114800
1149,299.78662109375,1118.83984375,-173.04364013671875,1149,4778.035793542862,105,1079.89111328125,3.9808108806610107,999,14105.423828125,1122.7381591796875,1071.4251708984375,-1282.8980712890625,151.64129638671875,982.3746948242188,1118.1798095703125,999,1149,774.8497314453125,-77.36408996582031,294.4340515136719,999,522.0831298828125,1125.3126220703125,1693586917.5817065,-177.71267700195312,lgp-long,mu+lambda-ga,reward-unhealthy_termination,ant,105,114900
1150,260.7522277832031,1097.245361328125,-187.3115692138672,1150,4782.142763853073,105,1126.2540283203125,3.9937806129455566,999,416.4214172363281,1131.4959716796875,1114.9344482421875,663.8903198242188,296.4043884277344,969.645751953125,1137.31494140625,999,1150,805.830810546875,-178.2552947998047,327.860595703125,999,456.45526123046875,1149.0323486328125,1693586921.6886768,-160.31607055664062,lgp-long,mu+lambda-ga,reward-unhealthy_termination,ant,105,115000
1151,327.8971862792969,1140.328125,-178.6996612548828,1151,4786.252096652985,105,1133.0916748046875,3.988969087600708,999,393.2807922363281,1149.6265869140625,1131.7576904296875,660.8787231445312,314.4217224121094,969.9493408203125,1124.5623779296875,999,1151,815.605224609375,-179.46751403808594,306.4847106933594,999,389.2100524902344,1150.322021484375,1693586925.7980096,-184.34365844726562,lgp-long,mu+lambda-ga,reward-unhealthy_termination,ant,105,115100
1152,299.05767822265625,1121.2635498046875,-186.04344177246094,1152,4790.359086275101,105,1139.0323486328125,4.002078533172607,999,10024.7333984375,1147.2069091796875,1119.857421875,-327.23822021484375,299.06005859375,974.7122802734375,1136.5086669921875,999,1152,819.4060668945312,-175.99571228027344,325.8119812011719,999,476.18487548828125,1149.1903076171875,1693586929.9049993,-174.5697479248047,lgp-long,mu+lambda-ga,reward-unhealthy_termination,ant,105,115200
1153,304.2050476074219,1121.4935302734375,-185.81016540527344,1153,4794.469037532806,105,1132.4737548828125,4.001074314117432,999,445.4210205078125,1139.5167236328125,1123.8922119140625,607.9337768554688,306.4174499511719,954.7442016601562,1130.0521240234375,999,1153,684.5089721679688,-179.31504821777344,319.10052490234375,999,405.6432189941406,1143.8353271484375,1693586934.0149505,-179.4895477294922,lgp-long,mu+lambda-ga,reward-unhealthy_termination,ant,105,115300
1154,326.4801940917969,1136.802978515625,-180.5314483642578,1154,4798.577183008194,105,1132.8448486328125,3.9993088245391846,999,14089.4833984375,1142.3741455078125,1127.602294921875,-1416.748779296875,314.1541442871094,939.8306274414062,1129.7952880859375,999,1154,679.137451171875,-183.3190460205078,313.5475769042969,999,282.0628662109375,1143.465087890625,1693586938.123096,-186.43313598632812,lgp-long,mu+lambda-ga,reward-unhealthy_termination,ant,105,115400
1155,308.1397399902344,1125.1328125,-188.5469207763672,1155,4802.686721324921,105,1123.226806640625,4.004024028778076,999,339.856201171875,1128.607666015625,1091.9814453125,689.2184448242188,256.9571838378906,962.85546875,1139.203369140625,999,1155,732.2243041992188,-161.8017120361328,331.0063781738281,999,507.4085998535156,1155.0885009765625,1693586942.2326343,-179.7620849609375,lgp-long,mu+lambda-ga,reward-unhealthy_termination,ant,105,115500
1156,319.6507873535156,1130.5260009765625,-182.08872985839844,1156,4806.792794466019,105,1129.500244140625,4.0095648765563965,999,10019.6484375,1129.7877197265625,1113.65625,-391.8983459472656,289.68719482421875,963.2939453125,1135.4173583984375,999,1156,673.829833984375,-172.829345703125,320.73504638671875,999,429.882568359375,1147.9508056640625,1693586946.3387074,-185.88938903808594,lgp-long,mu+lambda-ga,reward-unhealthy_termination,ant,105,115600
1157,330.25286865234375,1140.918212890625,-180.2740020751953,1157,4810.90104842186,105,1134.576904296875,4.0120744705200195,999,291.60107421875,1137.2679443359375,1137.8875732421875,768.15185546875,326.82598876953125,974.1245727539062,1128.5753173828125,999,1157,864.344482421875,-185.69361877441406,312.08642578125,999,563.3895263671875,1140.6988525390625,1693586950.4469614,-186.111328125,lgp-long,mu+lambda-ga,reward-unhealthy_termination,ant,105,115700
1158,299.89898681640625,1118.2027587890625,-162.8873748779297,1158,4815.014617204666,105,1116.6234130859375,4.002845764160156,999,14100.7041015625,1128.49755859375,1124.101806640625,-1325.771728515625,310.6316833496094,967.2846069335938,1103.593017578125,999,1158,735.5589599609375,-183.28765869140625,269.6985778808594,999,466.82122802734375,1130.735107421875,1693586954.5605302,-178.4691162109375,lgp-long,mu+lambda-ga,reward-unhealthy_termination,ant,105,115800
1159,315.2685241699219,1129.6513671875,-184.3215789794922,1159,4819.117616653442,105,1136.4466552734375,4.0068840980529785,999,374.6912841796875,1138.618408203125,1106.6470947265625,679.8438720703125,278.9328918457031,954.2186889648438,1129.455810546875,999,1159,758.590087890625,-169.0887451171875,317.0145568847656,999,492.906005859375,1138.9793701171875,1693586958.6635296,-182.3836212158203,lgp-long,mu+lambda-ga,reward-unhealthy_termination,ant,105,115900
1160,273.9503479003906,1103.5880126953125,-181.5039520263672,1160,4823.225510835648,105,1131.7445068359375,4.003879547119141,999,373.54034423828125,1133.4163818359375,1117.442138671875,644.44384765625,297.19329833984375,940.46826171875,1126.28759765625,999,1160,709.8529663085938,-176.54652404785156,311.0308532714844,999,432.89837646484375,1145.0926513671875,1693586962.7714238,-167.1741485595703,lgp-long,mu+lambda-ga,reward-unhealthy_termination,ant,105,116000
1161,296.1518249511719,1128.084228515625,-192.39407348632812,1161,4827.331853866577,105,1103.375732421875,4.001317501068115,999,419.8532409667969,1109.8695068359375,1083.3431396484375,599.0477294921875,239.48171997070312,953.2750854492188,1139.5750732421875,999,1161,693.4740600585938,-152.9477081298828,335.21533203125,999,410.60394287109375,1139.135498046875,1693586966.8777668,-164.8805389404297,lgp-long,mu+lambda-ga,reward-unhealthy_termination,ant,105,116100
1162,314.9328308105469,1130.528564453125,-172.31785583496094,1162,4831.440549373627,105,1118.39404296875,4.002748966217041,999,357.8891906738281,1128.901611328125,1114.7181396484375,685.345458984375,289.4046630859375,967.45654296875,1114.17578125,999,1162,783.8057250976562,-171.47482299804688,289.70751953125,999,437.854248046875,1144.30908203125,1693586970.9864624,-181.1859130859375,lgp-long,mu+lambda-ga,reward-unhealthy_termination,ant,105,116200
1163,330.167236328125,1125.665283203125,-188.29661560058594,1163,4835.547924757004,105,1119.8394775390625,4.001150131225586,999,10020.06640625,1127.1500244140625,1120.4444580078125,-367.2032775878906,303.3852233886719,939.622314453125,1146.2333984375,999,1163,698.739990234375,-179.7311553955078,337.7784423828125,999,435.13134765625,1136.546142578125,1693586975.0938377,-201.25340270996094,lgp-long,mu+lambda-ga,reward-unhealthy_termination,ant,105,116300
1164,295.3001403808594,1116.5986328125,-175.29808044433594,1164,4839.655841588974,105,1119.471923828125,4.005551815032959,999,331.1846923828125,1127.212890625,1113.1534423828125,756.139892578125,290.83282470703125,974.8305053710938,1122.7481689453125,999,1164,912.379638671875,-174.4738311767578,301.263671875,999,552.414306640625,1127.4185791015625,1693586979.2017546,-175.4833984375,lgp-long,mu+lambda-ga,reward-unhealthy_termination,ant,105,116400
1165,255.50926208496094,1094.46630859375,-136.0030975341797,1165,4843.763904094696,105,1112.9820556640625,4.003420829772949,999,10021.234375,1119.2479248046875,1105.8369140625,-364.84234619140625,278.8450622558594,964.389892578125,1060.563232421875,999,1165,715.6216430664062,-169.8038330078125,199.74456787109375,999,390.9566345214844,1125.5482177734375,1693586983.309817,-157.847900390625,lgp-long,mu+lambda-ga,reward-unhealthy_termination,ant,105,116500
1166,311.2763671875,1126.5546875,-167.529541015625,1166,4847.871477365494,105,1123.285400390625,3.9989004135131836,999,473.26580810546875,1126.9490966796875,1122.784423828125,541.07666015625,298.7819519042969,947.731201171875,1107.78857421875,999,1166,632.4273681640625,-172.81753540039062,278.51141357421875,999,265.0404052734375,1138.5367431640625,1693586987.4173903,-181.491455078125,lgp-long,mu+lambda-ga,reward-unhealthy_termination,ant,105,116600
1167,317.857666015625,1131.5921630859375,-171.2049560546875,1167,4851.97834610939,105,1134.6363525390625,3.99859881401062,999,14091.21875,1139.87646484375,1127.5164794921875,-1397.2088623046875,312.56298828125,948.3670654296875,1110.92578125,999,1167,679.443115234375,-181.8338165283203,285.33111572265625,999,374.5130615234375,1143.533447265625,1693586991.524259,-183.0447235107422,lgp-long,mu+lambda-ga,reward-unhealthy_termination,ant,105,116700
1168,308.0507507324219,1128.0355224609375,-183.64402770996094,1168,4856.085540771484,105,1141.6578369140625,4.000773906707764,999,476.03997802734375,1144.1317138671875,1123.5316162109375,561.779296875,305.03729248046875,968.4005126953125,1133.0223388671875,999,1168,660.619384765625,-178.2676544189453,319.9052429199219,999,311.18426513671875,1149.2557373046875,1693586995.6314538,-176.7984619140625,lgp-long,mu+lambda-ga,reward-unhealthy_termination,ant,105,116800
1169,294.8828125,1117.2965087890625,-185.96385192871094,1169,4860.193168640137,105,1140.666015625,4.000002861022949,999,454.3717041015625,1141.6041259765625,1144.826416015625,542.1466064453125,337.73046875,950.5307006835938,1137.5455322265625,999,1169,606.7666015625,-189.67352294921875,326.756103515625,999,264.8408508300781,1147.1539306640625,1693586999.7390816,-174.3832244873047,lgp-long,mu+lambda-ga,reward-unhealthy_termination,ant,105,116900
1170,298.3529968261719,1119.9617919921875,-173.57431030273438,1170,4864.301542758942,105,1134.0206298828125,3.998940944671631,999,404.41265869140625,1136.94677734375,1131.270751953125,559.1390991210938,316.9796447753906,851.9925537109375,1123.1751708984375,999,1170,597.3770141601562,-182.48338317871094,299.9654846191406,999,339.95721435546875,1139.1356201171875,1693587003.8474557,-175.16641235351562,lgp-long,mu+lambda-ga,reward-unhealthy_termination,ant,105,117000
1171,309.4913024902344,1127.581298828125,-180.6912078857422,1171,4868.409940481186,105,1125.23486328125,4.002193450927734,999,10018.240234375,1127.6934814453125,1127.2806396484375,-400.89935302734375,310.808349609375,889.0818481445312,1129.112548828125,999,1171,689.0828247070312,-180.30380249023438,313.0339050292969,999,419.61663818359375,1129.6741943359375,1693587007.9558535,-178.6902618408203,lgp-long,mu+lambda-ga,reward-unhealthy_termination,ant,105,117100
1172,297.5353698730469,1119.8795166015625,-154.07400512695312,1172,4872.517506361008,105,1135.88232421875,4.00432825088501,999,397.89556884765625,1136.581298828125,1103.19140625,614.4613647460938,266.6661071777344,878.466064453125,1095.471435546875,999,1172,751.6546630859375,-160.26951599121094,252.7415313720703,999,371.9655456542969,1143.29736328125,1693587012.0634193,-174.43861389160156,lgp-long,mu+lambda-ga,reward-unhealthy_termination,ant,105,117200
1173,263.6314697265625,1097.3258056640625,-180.12600708007812,1173,4876.627588272095,105,1130.92626953125,3.9983012676239014,999,10014.8525390625,1137.6278076171875,1124.9964599609375,-413.43408203125,307.2525329589844,858.424072265625,1128.0301513671875,999,1173,634.9918212890625,-179.0113983154297,311.37701416015625,999,319.32147216796875,1138.6075439453125,1693587016.1735013,-163.174072265625,lgp-long,mu+lambda-ga,reward-unhealthy_termination,ant,105,117300
1174,275.84478759765625,1105.4896240234375,-180.8583221435547,1174,4880.734653711319,105,1119.503662109375,3.9919941425323486,999,390.8391418457031,1123.2261962890625,1098.2005615234375,564.2120971679688,268.9674987792969,920.888671875,1127.904541015625,999,1174,629.4210205078125,-167.56228637695312,311.997314453125,999,243.68777465820312,1130.779541015625,1693587020.2805667,-167.17430114746094,lgp-long,mu+lambda-ga,reward-unhealthy_termination,ant,105,117400
1175,251.50210571289062,1088.2344970703125,-173.25244140625,1175,4884.841934919357,105,1109.3907470703125,3.98445463180542,999,414.0562744140625,1117.921630859375,1080.9849853515625,552.7774658203125,236.9409942626953,877.5684204101562,1120.7264404296875,999,1175,622.0971069335938,-152.77088928222656,297.1869812011719,999,292.31304931640625,1119.0047607421875,1693587024.387848,-160.0720672607422,lgp-long,mu+lambda-ga,reward-unhealthy_termination,ant,105,117500
1176,333.94830322265625,1141.5634765625,-178.5467071533203,1176,4888.949985980988,105,1121.1300048828125,3.9809725284576416,999,10011.4697265625,1144.3668212890625,1120.1837158203125,-467.9026184082031,298.15850830078125,863.6392822265625,1133.26708984375,999,1176,578.1627807617188,-174.76617431640625,315.0377502441406,999,284.2466125488281,1156.83935546875,1693587028.495899,-189.12884521484375,lgp-long,mu+lambda-ga,reward-unhealthy_termination,ant,105,117600
1177,283.54156494140625,1111.4913330078125,-173.71324157714844,1177,4893.05858874321,105,1136.1583251953125,3.978198766708374,999,10024.1396484375,1140.5706787109375,1117.9954833984375,-341.3133544921875,298.5662841796875,975.7100830078125,1123.434814453125,999,1177,734.1800537109375,-177.3424530029297,300.363037109375,999,472.46490478515625,1146.6121826171875,1693587032.6045017,-168.85765075683594,lgp-long,mu+lambda-ga,reward-unhealthy_termination,ant,105,117700
1178,331.404052734375,1140.809814453125,-178.3550262451172,1178,4897.168104887009,105,1147.422119140625,3.979599714279175,999,451.76361083984375,1147.7462158203125,1132.8212890625,559.8165283203125,319.1646423339844,960.5653076171875,1128.25341796875,999,1178,663.501953125,-183.12303161621094,309.82696533203125,999,284.3118591308594,1149.2940673828125,1693587036.7140179,-187.3653564453125,lgp-long,mu+lambda-ga,reward-unhealthy_termination,ant,105,117800
1179,323.26190185546875,1133.36083984375,-184.13681030273438,1179,4901.276380062103,105,1133.2813720703125,3.974587917327881,999,438.283447265625,1145.9298095703125,1126.7513427734375,589.0942993164062,309.2859191894531,951.912109375,1136.9581298828125,999,1179,685.787109375,-179.31814575195312,324.3294677734375,999,302.1849365234375,1148.444580078125,1693587040.822293,-186.6708984375,lgp-long,mu+lambda-ga,reward-unhealthy_termination,ant,105,117900
1180,231.3052215576172,1078.5384521484375,-183.36082458496094,1180,4905.383255720139,105,1115.7567138671875,3.975752830505371,999,372.51751708984375,1129.2327880859375,1120.8953857421875,594.171142578125,297.7815856933594,918.317626953125,1127.9642333984375,999,1180,638.8017578125,-173.6767578125,314.56903076171875,999,343.7484436035156,1139.501708984375,1693587044.9291687,-149.58755493164062,lgp-long,mu+lambda-ga,reward-unhealthy_termination,ant,105,118000
1181,300.2216796875,1120.4522705078125,-182.3503875732422,1181,4909.493525981903,105,1107.49462890625,3.977231979370117,999,10017.6015625,1131.8013916015625,1073.0311279296875,-396.5045166015625,229.5006866455078,965.8253173828125,1130.739990234375,999,1181,645.996337890625,-153.2764434814453,316.3177490234375,999,357.2091979980469,1132.0928955078125,1693587049.039439,-176.55274963378906,lgp-long,mu+lambda-ga,reward-unhealthy_termination,ant,105,118100
1182,330.45050048828125,1139.4376220703125,-180.6724090576172,1182,4913.603021860123,105,1123.8819580078125,3.97969388961792,999,405.7646179199219,1142.8505859375,1113.8861083984375,496.1758117675781,291.6545104980469,830.5723266601562,1137.873291015625,999,1182,515.4462280273438,-174.5501251220703,321.7615661621094,999,210.5481414794922,1148.76611328125,1693587053.1489348,-187.7815399169922,lgp-long,mu+lambda-ga,reward-unhealthy_termination,ant,105,118200
1183,299.0657653808594,1118.2596435546875,-184.00730895996094,1183,4917.711082935333,105,1127.06640625,3.9731926918029785,999,412.9235534667969,1129.497314453125,1108.8994140625,551.4592895507812,285.8682556152344,929.9486694335938,1125.8779296875,999,1183,578.80126953125,-173.76255798339844,313.11798095703125,999,348.12945556640625,1143.75927734375,1693587057.256996,-177.5832977294922,lgp-long,mu+lambda-ga,reward-unhealthy_termination,ant,105,118300
1184,307.5535583496094,1125.646728515625,-178.03407287597656,1184,4921.818663358688,105,1107.45166015625,3.974391222000122,999,17163.669921875,1123.4083251953125,1115.0350341796875,-2424.02880859375,297.9799499511719,926.1724243164062,1125.2845458984375,999,1184,590.146728515625,-179.7191162109375,306.5316162109375,999,363.0401306152344,1135.9591064453125,1693587061.3645763,-178.68087768554688,lgp-long,mu+lambda-ga,reward-unhealthy_termination,ant,105,118400
1185,305.68585205078125,1124.9324951171875,-181.3669891357422,1185,4925.926784038544,105,1130.2529296875,3.971862316131592,999,477.1859130859375,1131.2171630859375,1120.5950927734375,560.8887329101562,300.2183837890625,965.5406494140625,1132.7406005859375,999,1185,717.3021850585938,-176.4051513671875,317.3439636230469,999,244.52783203125,1133.7283935546875,1693587065.472697,-177.53541564941406,lgp-long,mu+lambda-ga,reward-unhealthy_termination,ant,105,118500
1186,314.15142822265625,1131.7177734375,-191.8203582763672,1186,4930.035960674286,105,1116.0975341796875,3.9745404720306396,999,384.1832580566406,1140.314697265625,1087.5623779296875,601.4178466796875,243.89273071289062,884.2899169921875,1147.7418212890625,999,1186,657.9170532226562,-153.1475067138672,342.8141174316406,999,375.43060302734375,1155.5333251953125,1693587069.5818737,-179.1993865966797,lgp-long,mu+lambda-ga,reward-unhealthy_termination,ant,105,118600
1187,297.693115234375,1117.03662109375,-183.86387634277344,1187,4934.144267320633,105,1127.909423828125,3.972951650619507,999,14090.29296875,1138.4671630859375,1084.1190185546875,-1396.2958984375,245.3380584716797,879.3699340820312,1138.1187744140625,999,1187,632.172607421875,-158.02281188964844,325.2204284667969,999,416.35614013671875,1153.0543212890625,1693587073.6901803,-177.43807983398438,lgp-long,mu+lambda-ga,reward-unhealthy_termination,ant,105,118700
1188,294.6714782714844,1118.11083984375,-162.7418212890625,1188,4938.251398563385,105,1136.0491943359375,3.980468273162842,999,434.2765197753906,1143.0169677734375,1092.6298828125,481.1304626464844,258.2193908691406,841.337158203125,1102.02587890625,999,1188,464.7707214355469,-162.36741638183594,267.9700012207031,999,178.19046020507812,1146.9046630859375,1693587077.7973115,-173.33033752441406,lgp-long,mu+lambda-ga,reward-unhealthy_termination,ant,105,118800
1189,297.5540466308594,1120.7841796875,-188.8123321533203,1189,4942.3611397743225,105,1132.78662109375,3.9732227325439453,999,10019.7236328125,1133.7989501953125,1133.7083740234375,-384.7071533203125,318.6089782714844,948.0664672851562,1142.26123046875,999,1189,702.0980224609375,-181.68470764160156,334.31683349609375,999,336.25933837890625,1144.8521728515625,1693587081.9070528,-173.5447998046875,lgp-long,mu+lambda-ga,reward-unhealthy_termination,ant,105,118900
1190,272.2310791015625,1102.2833251953125,-191.31552124023438,1190,4946.46909236908,105,1136.7838134765625,3.98245906829834,999,17151.9453125,1139.385986328125,1087.6585693359375,-2509.601806640625,243.9367218017578,868.1873779296875,1140.277587890625,999,1190,537.8798828125,-153.0882568359375,334.8521423339844,999,181.00332641601562,1141.2537841796875,1693587086.0150054,-166.73260498046875,lgp-long,mu+lambda-ga,reward-unhealthy_termination,ant,105,119000
1191,319.15631103515625,1130.0709228515625,-182.13455200195312,1191,4950.578160524368,105,1135.753662109375,3.9767608642578125,999,457.857421875,1136.816162109375,1124.700927734375,437.07037353515625,308.77130126953125,788.7679443359375,1128.543701171875,999,1191,467.60552978515625,-180.83482360839844,313.89599609375,999,154.9676513671875,1137.60498046875,1693587090.1240735,-185.85287475585938,lgp-long,mu+lambda-ga,reward-unhealthy_termination,ant,105,119100
1192,299.2452392578125,1119.3133544921875,-181.83790588378906,1192,4954.687731742859,105,1138.9185791015625,3.9716713428497314,999,14093.7890625,1142.73681640625,1128.7127685546875,-1378.56982421875,314.5129699707031,968.5234375,1132.6895751953125,999,1192,720.1561279296875,-182.57118225097656,317.7520446777344,999,351.96148681640625,1147.24072265625,1693587094.2336447,-176.71495056152344,lgp-long,mu+lambda-ga,reward-unhealthy_termination,ant,105,119200
1193,298.3034362792969,1118.6185302734375,-169.24551391601562,1193,4958.797011852264,105,1123.62890625,3.9726178646087646,999,400.1841125488281,1124.2431640625,1093.4154052734375,600.3024291992188,259.2077331542969,954.590087890625,1113.2457275390625,999,1193,684.4237060546875,-162.61036682128906,285.7162170410156,999,326.8426818847656,1152.4735107421875,1693587098.3429248,-176.4742431640625,lgp-long,mu+lambda-ga,reward-unhealthy_termination,ant,105,119300
1194,320.4413757324219,1134.7515869140625,-177.5364532470703,1194,4962.905758142471,105,1137.447265625,3.973860502243042,999,14088.779296875,1138.0419921875,1122.7596435546875,-1421.9130859375,305.3465270996094,934.547119140625,1129.3916015625,999,1194,686.7042846679688,-179.3673858642578,310.1313171386719,999,298.46942138671875,1149.0325927734375,1693587102.4516711,-182.45693969726562,lgp-long,mu+lambda-ga,reward-unhealthy_termination,ant,105,119400
1195,265.6161804199219,1099.3104248046875,-172.34983825683594,1195,4967.012610197067,105,1137.29345703125,3.9748013019561768,999,316.58123779296875,1154.111083984375,1111.1297607421875,724.351806640625,286.7081604003906,971.8026123046875,1115.3631591796875,999,1195,766.12353515625,-172.36148071289062,290.91314697265625,999,525.11572265625,1160.877685546875,1693587106.5585232,-163.19223022460938,lgp-long,mu+lambda-ga,reward-unhealthy_termination,ant,105,119500
1196,314.15460205078125,1129.415283203125,-185.3895721435547,1196,4971.121109724045,105,1129.043701171875,3.9774811267852783,999,336.9938659667969,1136.1522216796875,1096.273681640625,623.3411865234375,255.719482421875,931.7027587890625,1131.055419921875,999,1196,651.0531005859375,-156.24923706054688,319.6927795410156,999,363.6944580078125,1139.108154296875,1693587110.6670227,-181.50563049316406,lgp-long,mu+lambda-ga,reward-unhealthy_termination,ant,105,119600
1197,312.0231628417969,1126.4017333984375,-173.25901794433594,1197,4975.229840517044,105,1135.107177734375,3.9739718437194824,999,373.6916809082031,1135.6856689453125,1125.1256103515625,589.0527954101562,310.011474609375,885.4320068359375,1113.3203125,999,1197,596.3430786132812,-181.6549530029297,289.8002624511719,999,384.97088623046875,1138.3173828125,1693587114.7757535,-182.4005584716797,lgp-long,mu+lambda-ga,reward-unhealthy_termination,ant,105,119700
1198,335.59228515625,1142.5059814453125,-187.4981689453125,1198,4979.337898492813,105,1139.772705078125,3.9773051738739014,999,316.6431884765625,1140.03369140625,1123.7640380859375,749.884033203125,308.04681396484375,970.5665283203125,1144.295166015625,999,1198,861.13134765625,-181.03448486328125,335.0307312011719,999,593.5411376953125,1150.22265625,1693587118.8838115,-189.826416015625,lgp-long,mu+lambda-ga,reward-unhealthy_termination,ant,105,119800
1199,313.6802673339844,1126.8511962890625,-169.98350524902344,1199,4983.447941064835,105,1132.964111328125,3.9801642894744873,999,359.2720031738281,1133.683837890625,1092.648681640625,685.7095336914062,254.8695526123047,950.3079223632812,1112.54052734375,999,1199,804.6024780273438,-159.0207061767578,285.72381591796875,999,484.56683349609375,1139.5177001953125,1693587122.993854,-183.59747314453125,lgp-long,mu+lambda-ga,reward-unhealthy_termination,ant,105,119900
1200,319.49017333984375,1131.4259033203125,-186.02206420898438,1200,4987.555286169052,105,1118.488037109375,3.9765846729278564,999,343.4988708496094,1131.978271484375,1082.6314697265625,656.9539184570312,239.5478057861328,952.0953979492188,1133.7081298828125,999,1200,696.175048828125,-153.7183074951172,322.9593505859375,999,417.88995361328125,1133.015869140625,1693587127.1011992,-184.83380126953125,lgp-long,mu+lambda-ga,reward-unhealthy_termination,ant,105,120000
1201,295.9168395996094,1115.701416015625,-189.61703491210938,1201,4991.662936210632,105,1126.8416748046875,3.98116135597229,999,10019.0390625,1131.3270263671875,1127.6796875,-384.2236633300781,311.8855285644531,960.5972900390625,1133.487548828125,999,1201,677.147705078125,-180.97071838378906,326.3656311035156,999,430.4837341308594,1144.382568359375,1693587131.2088492,-176.99998474121094,lgp-long,mu+lambda-ga,reward-unhealthy_termination,ant,105,120100
1202,271.4331359863281,1104.609619140625,-192.83351135253906,1202,4995.770595550537,105,1133.405029296875,3.982067108154297,999,23908.5,1148.630126953125,1127.8682861328125,-5380.23095703125,315.4773864746094,965.4343872070312,1145.3494873046875,999,1202,733.4090576171875,-184.37136840820312,341.44293212890625,999,398.6385498046875,1158.3790283203125,1693587135.3165085,-163.6186981201172,lgp-long,mu+lambda-ga,reward-unhealthy_termination,ant,105,120200
1203,298.6518249511719,1118.9857177734375,-191.37461853027344,1203,4999.87832069397,105,1114.463623046875,3.9810001850128174,999,25659.630859375,1115.2578125,1112.562744140625,-6484.29150390625,285.0920715332031,931.080078125,1146.6986083984375,999,1203,494.93194580078125,-169.34202575683594,341.3184509277344,999,202.31155395507812,1153.4765625,1693587139.4242337,-176.43878173828125,lgp-long,mu+lambda-ga,reward-unhealthy_termination,ant,105,120300
1204,315.047119140625,1128.0528564453125,-180.0760498046875,1204,5003.987147569656,105,1130.6209716796875,3.982408285140991,999,466.9961242675781,1138.97265625,1128.5025634765625,497.30029296875,311.519775390625,888.005859375,1122.1324462890625,999,1204,522.0155639648438,-179.79388427734375,305.4518127441406,999,197.57003784179688,1150.5391845703125,1693587143.5330606,-183.7628936767578,lgp-long,mu+lambda-ga,reward-unhealthy_termination,ant,105,120400
1205,269.99578857421875,1102.2227783203125,-183.52110290527344,1205,5008.095309495926,105,1116.248291015625,3.982823610305786,999,23896.078125,1141.318359375,1110.593505859375,-5431.3310546875,287.5986328125,943.0903930664062,1135.4862060546875,999,1205,645.6561279296875,-173.7972869873047,322.2472839355469,999,322.83062744140625,1142.3779296875,1693587147.6412225,-164.5718536376953,lgp-long,mu+lambda-ga,reward-unhealthy_termination,ant,105,120500
1206,311.7289733886719,1127.92431640625,-188.30882263183594,1206,5012.203975200653,105,1119.09375,3.984285354614258,999,17143.1875,1135.185546875,1111.6702880859375,-2559.487548828125,281.8132019042969,842.8662109375,1140.5159912109375,999,1206,496.8092041015625,-166.93084716796875,332.069091796875,999,43.81159210205078,1147.4449462890625,1693587151.7498882,-180.58697509765625,lgp-long,mu+lambda-ga,reward-unhealthy_termination,ant,105,120600
1207,269.142578125,1099.4725341796875,-159.7960662841797,1207,5016.312535762787,105,1127.299072265625,3.982257604598999,999,10026.708984375,1128.5784912109375,1132.356201171875,-308.1799011230469,320.8248596191406,965.7689208984375,1089.851806640625,999,1207,796.3533935546875,-185.2476348876953,252.8324432373047,999,510.41876220703125,1130.2371826171875,1693587155.8584487,-166.4873504638672,lgp-long,mu+lambda-ga,reward-unhealthy_termination,ant,105,120700
1208,308.0306701660156,1124.378173828125,-155.2604217529297,1208,5020.42027926445,105,1138.5133056640625,3.9839606285095215,999,21932.228515625,1142.3319091796875,1088.857421875,-4417.96044921875,254.4342498779297,963.964599609375,1097.2908935546875,999,1208,654.0269165039062,-162.3822479248047,255.7433319091797,999,311.34002685546875,1152.0906982421875,1693587159.9661922,-180.4299774169922,lgp-long,mu+lambda-ga,reward-unhealthy_termination,ant,105,120800
1209,324.5306091308594,1138.9405517578125,-185.2657928466797,1209,5024.527610301971,105,1143.929443359375,3.9841694831848145,999,21926.94140625,1153.0970458984375,1123.4183349609375,-4438.8359375,307.1701354980469,953.8403930664062,1140.3326416015625,999,1209,622.39794921875,-180.53900146484375,328.8482971191406,999,345.268798828125,1153.8128662109375,1693587164.0735233,-182.36514282226562,lgp-long,mu+lambda-ga,reward-unhealthy_termination,ant,105,120900
1210,324.2893981933594,1134.9283447265625,-183.54148864746094,1210,5028.6349902153015,105,1134.9888916015625,3.982186794281006,999,23878.03125,1136.34619140625,1113.7667236328125,-5504.3671875,289.54559326171875,922.5917358398438,1135.5550537109375,999,1210,522.235595703125,-172.5804901123047,322.3274841308594,999,184.1600341796875,1138.4669189453125,1693587168.1809032,-186.1250762939453,lgp-long,mu+lambda-ga,reward-unhealthy_termination,ant,105,121000
1211,301.8038330078125,1120.05908203125,-188.41004943847656,1211,5032.7436764240265,105,1134.5699462890625,3.98347806930542,999,19704.515625,1141.2528076171875,1132.098388671875,-3491.1123046875,320.8161315917969,864.3590698242188,1137.2171630859375,999,1211,525.824951171875,-185.47340393066406,328.86474609375,999,184.04156494140625,1146.65576171875,1693587172.2895894,-178.52415466308594,lgp-long,mu+lambda-ga,reward-unhealthy_termination,ant,105,121100
1212,311.3088073730469,1128.2789306640625,-179.55299377441406,1212,5036.851984977722,105,1128.821044921875,3.9854471683502197,999,338.6659240722656,1131.143310546875,1116.3331298828125,730.8549194335938,304.31787109375,970.3248291015625,1127.3182373046875,999,1212,882.09033203125,-184.7421875,310.1009826660156,999,507.69012451171875,1134.9810791015625,1693587176.397898,-179.80397033691406,lgp-long,mu+lambda-ga,reward-unhealthy_termination,ant,105,121200
1213,291.892822265625,1117.83349609375,-182.4615478515625,1213,5040.960715055466,105,1130.86474609375,3.986877202987671,999,14101.748046875,1149.890625,1122.862548828125,-1314.8255615234375,308.4541931152344,964.3768310546875,1134.3231201171875,999,1213,774.446044921875,-182.3766632080078,320.000732421875,999,464.38763427734375,1154.756103515625,1693587180.506628,-170.85366821289062,lgp-long,mu+lambda-ga,reward-unhealthy_termination,ant,105,121300
1214,320.61529541015625,1131.400146484375,-191.3716583251953,1214,5045.067582845688,105,1143.321044921875,3.9830856323242188,999,17165.880859375,1151.2506103515625,1131.6627197265625,-2415.0400390625,316.4193420410156,948.2042236328125,1155.1414794921875,999,1214,615.13671875,-181.5259552001953,349.7652282714844,999,389.694580078125,1160.510009765625,1693587184.6134958,-185.9850616455078,lgp-long,mu+lambda-ga,reward-unhealthy_termination,ant,105,121400
1215,321.5221862792969,1133.9510498046875,-196.1143035888672,1215,5049.178289651871,105,1138.3157958984375,3.980581521987915,999,351.6231994628906,1141.6397705078125,1117.150634765625,745.3757934570312,297.4883117675781,977.6937255859375,1151.921630859375,999,1215,878.340087890625,-177.12770080566406,351.2948913574219,999,608.1236572265625,1148.9473876953125,1693587188.7242026,-184.32754516601562,lgp-long,mu+lambda-ga,reward-unhealthy_termination,ant,105,121500
1216,313.5484313964844,1125.944580078125,-185.8560333251953,1216,5053.286233663559,105,1124.721435546875,3.9807000160217285,999,10024.390625,1131.482421875,1077.1942138671875,-324.9427185058594,238.04576110839844,976.2783813476562,1134.1787109375,999,1216,774.9913330078125,-157.62950134277344,323.2592468261719,999,458.15875244140625,1143.529296875,1693587192.8321466,-184.36236572265625,lgp-long,mu+lambda-ga,reward-unhealthy_termination,ant,105,121600
1217,320.0938720703125,1132.93701171875,-191.91403198242188,1217,5057.39350938797,105,1146.0772705078125,3.9838738441467285,999,359.7756652832031,1147.0843505859375,1121.8818359375,696.86328125,301.2483215332031,980.7810668945312,1150.71484375,999,1217,774.49951171875,-176.15318298339844,345.8876647949219,999,441.418212890625,1155.0341796875,1693587196.9394224,-183.9288787841797,lgp-long,mu+lambda-ga,reward-unhealthy_termination,ant,105,121700
1218,265.8267517089844,1099.1134033203125,-180.3054656982422,1218,5061.502261638641,105,1127.96484375,3.984858274459839,999,10023.375,1139.8189697265625,1133.0296630859375,-333.7367858886719,318.7508239746094,976.488037109375,1126.7210693359375,999,1218,764.325439453125,-182.4921112060547,310.2733154296875,999,360.0251770019531,1147.058837890625,1693587201.0481746,-163.51144409179688,lgp-long,mu+lambda-ga,reward-unhealthy_termination,ant,105,121800
1219,322.4660949707031,1135.241455078125,-184.3604736328125,1219,5065.609011411667,105,1123.403076171875,3.984544038772583,999,360.0387878417969,1137.126708984375,1120.6751708984375,701.3717041015625,301.3133239746094,974.1097412109375,1130.7835693359375,999,1219,745.3734130859375,-177.42626953125,318.37945556640625,999,469.1349182128906,1137.50732421875,1693587205.1549244,-184.00169372558594,lgp-long,mu+lambda-ga,reward-unhealthy_termination,ant,105,121900
1220,296.0118103027344,1118.516357421875,-183.77655029296875,1220,5069.718224525452,105,1131.71533203125,3.986908435821533,999,360.9934387207031,1132.227783203125,1130.1995849609375,629.7578125,319.0501708984375,941.1455078125,1127.80615234375,999,1220,684.9080810546875,-185.60592651367188,314.820068359375,999,401.12548828125,1143.0372314453125,1693587209.2641375,-174.27407836914062,lgp-long,mu+lambda-ga,reward-unhealthy_termination,ant,105,122000
1221,312.2508239746094,1121.6610107421875,-177.20584106445312,1221,5073.825223445892,105,1127.965576171875,3.986015796661377,999,10017.2099609375,1129.26953125,1087.6900634765625,-411.7912902832031,249.38003540039062,943.1770629882812,1122.091552734375,999,1221,692.3012084960938,-158.49261474609375,302.5020751953125,999,402.7179870605469,1138.4345703125,1693587213.3711364,-187.3330535888672,lgp-long,mu+lambda-ga,reward-unhealthy_termination,ant,105,122100
1222,259.2411804199219,1095.24560546875,-181.2974853515625,1222,5077.939620733261,105,1128.371337890625,3.9847068786621094,999,313.4163818359375,1132.771484375,1115.0841064453125,757.5693359375,291.3475341796875,970.2698974609375,1128.8824462890625,999,1222,861.97412109375,-173.05052185058594,313.3931884765625,999,579.3587036132812,1143.6763916015625,1693587217.4855337,-160.77902221679688,lgp-long,mu+lambda-ga,reward-unhealthy_termination,ant,105,122200
1223,298.3896484375,1118.6212158203125,-182.08535766601562,1223,5082.046232461929,105,1120.5074462890625,3.9836742877960205,999,369.2269287109375,1120.9595947265625,1127.18603515625,644.9244384765625,313.7557373046875,952.9950561523438,1134.00146484375,999,1223,691.8289794921875,-183.3329315185547,319.3189392089844,999,419.1934814453125,1136.43603515625,1693587221.5921454,-176.5647430419922,lgp-long,mu+lambda-ga,reward-unhealthy_termination,ant,105,122300
1224,304.6396179199219,1123.43115234375,-185.43479919433594,1224,5086.156696796417,105,1144.6961669921875,3.9848921298980713,999,10024.4814453125,1148.4605712890625,1140.6666259765625,-317.7345275878906,335.70794677734375,960.8015747070312,1142.593994140625,999,1224,747.861083984375,-191.78237915039062,331.2665710449219,999,482.65277099609375,1149.1168212890625,1693587225.7026098,-177.9873809814453,lgp-long,mu+lambda-ga,reward-unhealthy_termination,ant,105,122400
1225,312.4727783203125,1127.1370849609375,-184.6328582763672,1225,5090.268025398254,105,1126.881591796875,3.9781806468963623,999,387.38726806640625,1131.652099609375,1127.106201171875,696.305908203125,312.7942810058594,980.9851684570312,1141.1572265625,999,1225,828.0050048828125,-182.4404754638672,329.02178955078125,999,518.9730224609375,1157.27880859375,1693587229.8139384,-182.08612060546875,lgp-long,mu+lambda-ga,reward-unhealthy_termination,ant,105,122500
1226,305.59246826171875,1122.5489501953125,-187.70989990234375,1226,5094.3764090538025,105,1127.8741455078125,3.979031801223755,999,358.3307800292969,1136.1602783203125,1125.1578369140625,695.798095703125,303.025146484375,975.1303100585938,1143.3594970703125,999,1226,799.6945190429688,-174.62608337402344,334.3025207519531,999,481.41583251953125,1147.4649658203125,1693587233.922322,-179.81871032714844,lgp-long,mu+lambda-ga,reward-unhealthy_termination,ant,105,122600
1227,295.6434020996094,1120.642822265625,-167.9105987548828,1227,5098.486837148666,105,1118.477294921875,3.985550880432129,999,353.3270263671875,1130.241943359375,1106.9476318359375,646.369140625,281.8687438964844,941.7049560546875,1115.5911865234375,999,1227,696.179931640625,-171.7137451171875,286.71282958984375,999,446.1160888671875,1151.974365234375,1693587238.0327501,-171.80625915527344,lgp-long,mu+lambda-ga,reward-unhealthy_termination,ant,105,122700
1228,244.9699249267578,1087.5333251953125,-168.50656127929688,1228,5102.596668481827,105,1130.9273681640625,4.021328926086426,999,376.2386169433594,1133.87939453125,1112.5389404296875,666.0340576171875,288.587890625,961.2877197265625,1104.661376953125,999,1228,720.3983764648438,-172.839111328125,276.39141845703125,999,520.591796875,1142.2750244140625,1693587242.1425815,-154.23728942871094,lgp-long,mu+lambda-ga,reward-unhealthy_termination,ant,105,122800
1229,323.68511962890625,1132.0062255859375,-182.1343231201172,1229,5106.705329418182,105,1130.2135009765625,4.020155429840088,999,389.2512512207031,1131.49169921875,1113.0439453125,655.155517578125,286.8744812011719,963.130859375,1138.1468505859375,999,1229,699.3504638671875,-170.634521484375,323.4958190917969,999,495.11273193359375,1156.15966796875,1693587246.2512424,-188.42724609375,lgp-long,mu+lambda-ga,reward-unhealthy_termination,ant,105,122900
1230,250.3760528564453,1089.0291748046875,-188.17718505859375,1230,5110.814766407013,105,1124.1337890625,4.014908313751221,999,10027.2783203125,1138.0037841796875,1117.494140625,-289.89691162109375,298.3302307128906,976.1366577148438,1139.9095458984375,999,1230,804.0597534179688,-177.62742614746094,331.33306884765625,999,520.5499877929688,1139.512451171875,1693587250.3606794,-158.1504364013672,lgp-long,mu+lambda-ga,reward-unhealthy_termination,ant,105,123000
1231,328.8365173339844,1138.8065185546875,-186.1257781982422,1231,5114.922555923462,105,1140.4876708984375,4.014464855194092,999,389.59375,1148.8907470703125,1133.9071044921875,593.4906616210938,322.0205383300781,946.7928466796875,1136.9146728515625,999,1231,662.6776123046875,-184.8680877685547,326.2735900878906,999,325.66217041015625,1157.5819091796875,1693587254.468469,-186.79513549804688,lgp-long,mu+lambda-ga,reward-unhealthy_termination,ant,105,123100
1232,256.9566345214844,1097.214599609375,-159.05398559570312,1232,5119.034094810486,105,1138.9578857421875,4.014465808868408,999,10016.4853515625,1141.311279296875,1117.0374755859375,-407.7398986816406,294.3460998535156,917.781494140625,1096.4818115234375,999,1232,605.8670654296875,-174.09255981445312,258.7461853027344,999,340.51007080078125,1145.048828125,1693587258.5800078,-156.5503387451172,lgp-long,mu+lambda-ga,reward-unhealthy_termination,ant,105,123200
1233,322.393798828125,1132.5611572265625,-181.6403045654297,1233,5123.14110660553,105,1146.677001953125,4.011096000671387,999,419.8069152832031,1148.56396484375,1126.382080078125,591.3973999023438,311.4071960449219,950.4725341796875,1126.070068359375,999,1233,643.336181640625,-181.80702209472656,310.9388122558594,999,299.9195861816406,1152.0614013671875,1693587262.6870196,-186.58836364746094,lgp-long,mu+lambda-ga,reward-unhealthy_termination,ant,105,123300
1234,311.7361755371094,1128.4976806640625,-190.99993896484375,1234,5127.25282740593,105,1120.820068359375,4.010021686553955,999,10020.447265625,1148.5152587890625,1099.010986328125,-391.6203918457031,264.3260498046875,943.3654174804688,1146.3896484375,999,1234,733.740234375,-162.1300048828125,340.64105224609375,999,390.7597961425781,1157.887451171875,1693587266.7987404,-180.0337371826172,lgp-long,mu+lambda-ga,reward-unhealthy_termination,ant,105,123400
1235,309.2816467285156,1123.7415771484375,-178.6483612060547,1235,5131.36115860939,105,1140.3720703125,4.0056376457214355,999,376.47808837890625,1144.8956298828125,1125.2769775390625,705.3515625,309.0308532714844,973.3956909179688,1128.4754638671875,999,1235,820.118408203125,-180.5303955078125,310.3538513183594,999,515.20458984375,1145.6806640625,1693587270.9070716,-182.3081512451172,lgp-long,mu+lambda-ga,reward-unhealthy_termination,ant,105,123500
1236,292.0708923339844,1114.689208984375,-172.3424835205078,1236,5135.471481800079,105,1123.705810546875,4.003055095672607,999,378.3535461425781,1127.8133544921875,1120.017822265625,616.48583984375,301.57269287109375,961.0567626953125,1110.2957763671875,999,1236,670.9163818359375,-178.31077575683594,285.8353576660156,999,362.9393310546875,1131.1083984375,1693587275.0173948,-174.18301391601562,lgp-long,mu+lambda-ga,reward-unhealthy_termination,ant,105,123600
1237,328.661865234375,1138.735595703125,-188.97647094726562,1237,5139.581508874893,105,1145.4215087890625,4.008986473083496,999,366.1631774902344,1145.8868408203125,1125.0552978515625,648.5281372070312,309.2391662597656,954.9114990234375,1140.3204345703125,999,1237,700.3297119140625,-180.96299743652344,332.5362243652344,999,444.23101806640625,1147.8282470703125,1693587279.1274219,-186.6929931640625,lgp-long,mu+lambda-ga,reward-unhealthy_termination,ant,105,123700
1238,312.3603210449219,1126.7203369140625,-188.34654235839844,1238,5143.690830230713,105,1120.002685546875,4.0062737464904785,999,357.6324157714844,1135.9361572265625,1108.9024658203125,645.4830932617188,279.5384826660156,931.3467407226562,1137.8582763671875,999,1238,707.3250122070312,-167.4448699951172,329.4642333984375,999,403.5339660644531,1136.83056640625,1693587283.2367432,-182.409912109375,lgp-long,mu+lambda-ga,reward-unhealthy_termination,ant,105,123800
1239,325.1822814941406,1136.4378662109375,-178.61587524414062,1239,5147.801814079285,105,1139.5482177734375,3.998143434524536,999,14091.2607421875,1139.9132080078125,1130.3837890625,-1408.65576171875,320.9774169921875,957.6287841796875,1123.8453369140625,999,1239,683.6393432617188,-187.3645477294922,305.69598388671875,999,393.2455749511719,1144.16552734375,1693587287.347727,-185.5062713623047,lgp-long,mu+lambda-ga,reward-unhealthy_termination,ant,105,123900
1240,322.128662109375,1134.0010986328125,-188.22935485839844,1240,5151.911600351334,105,1136.4813232421875,4.005743980407715,999,432.5655212402344,1144.05517578125,1129.8646240234375,561.6585693359375,319.3656921386719,952.5330810546875,1133.9500732421875,999,1240,630.0985107421875,-186.27999877929688,325.408203125,999,220.62637329101562,1144.4749755859375,1693587291.4575133,-184.8938751220703,lgp-long,mu+lambda-ga,reward-unhealthy_termination,ant,105,124000
1241,302.2866516113281,1120.8536376953125,-189.8801727294922,1241,5156.019361972809,105,1129.447265625,4.001368999481201,999,360.27032470703125,1133.5074462890625,1124.894775390625,656.90625,308.57666015625,955.2554931640625,1143.09912109375,999,1241,691.91796875,-180.4560546875,336.2306213378906,999,431.8257141113281,1145.55517578125,1693587295.565275,-178.2342071533203,lgp-long,mu+lambda-ga,reward-unhealthy_termination,ant,105,124100
1242,316.9570007324219,1131.3182373046875,-183.941650390625,1242,5160.129845380783,105,1127.4793701171875,4.001403331756592,999,10019.7880859375,1132.227294921875,1122.347412109375,-378.42413330078125,306.2521667480469,950.9224853515625,1125.972412109375,999,1242,686.4285278320312,-180.67649841308594,313.1375427246094,999,347.937255859375,1132.50439453125,1693587299.6757584,-182.42178344726562,lgp-long,mu+lambda-ga,reward-unhealthy_termination,ant,105,124200
1243,318.73516845703125,1134.26904296875,-184.00521850585938,1243,5164.239706277847,105,1142.9527587890625,4.006102085113525,999,369.72161865234375,1144.934814453125,1135.4168701171875,694.2994995117188,324.49212646484375,961.6961669921875,1132.1788330078125,999,1243,838.6553955078125,-185.84739685058594,319.404052734375,999,454.7664489746094,1145.8018798828125,1693587303.7856193,-181.2355194091797,lgp-long,mu+lambda-ga,reward-unhealthy_termination,ant,105,124300
1244,283.3346862792969,1108.5059814453125,-180.33480834960938,1244,5168.350302457809,105,1124.942626953125,4.008854866027832,999,417.8089599609375,1128.0626220703125,1109.9462890625,565.1508178710938,283.960205078125,949.4902954101562,1119.1829833984375,999,1244,589.384033203125,-170.8228759765625,302.7591247558594,999,278.1361999511719,1131.2371826171875,1693587307.8962154,-171.64120483398438,lgp-long,mu+lambda-ga,reward-unhealthy_termination,ant,105,124400
1245,311.23077392578125,1124.464111328125,-181.8067626953125,1245,5172.459176301956,105,1128.810791015625,4.008740425109863,999,10024.142578125,1128.941162109375,1108.476806640625,-327.4418640136719,274.6669006347656,956.0857543945312,1130.0296630859375,999,1245,746.5237426757812,-162.98582458496094,315.0635070800781,999,472.58636474609375,1145.658935546875,1693587312.0050893,-183.5365447998047,lgp-long,mu+lambda-ga,reward-unhealthy_termination,ant,105,124500
1246,296.7370300292969,1119.5888671875,-178.2750701904297,1246,5176.570383787155,105,1139.82861328125,4.004062175750732,999,10021.466796875,1143.4346923828125,1135.4315185546875,-377.0520935058594,322.3417053222656,964.5901489257812,1123.1719970703125,999,1246,684.3125610351562,-183.6584930419922,304.65679931640625,999,350.10223388671875,1152.58349609375,1693587316.1162968,-173.93370056152344,lgp-long,mu+lambda-ga,reward-unhealthy_termination,ant,105,124600
1247,306.4168395996094,1124.968994140625,-170.28494262695312,1247,5180.680783033371,105,1129.1312255859375,4.0073676109313965,999,421.9153137207031,1131.2899169921875,1125.576416015625,588.2623291015625,308.5191650390625,950.16845703125,1105.273681640625,999,1247,655.0048828125,-179.72750854492188,278.796142578125,999,410.76092529296875,1148.33154296875,1693587320.226696,-178.21360778808594,lgp-long,mu+lambda-ga,reward-unhealthy_termination,ant,105,124700
1248,307.39581298828125,1126.0421142578125,-190.2013397216797,1248,5184.791043281555,105,1141.6298828125,3.9981813430786133,999,10018.3662109375,1142.81201171875,1131.797607421875,-390.0281066894531,321.3858947753906,891.923095703125,1140.576416015625,999,1248,685.0430908203125,-186.33876037597656,334.0263366699219,999,401.40185546875,1144.0137939453125,1693587324.3369563,-178.12725830078125,lgp-long,mu+lambda-ga,reward-unhealthy_termination,ant,105,124800
1249,317.50885009765625,1132.752197265625,-189.2991943359375,1249,5188.900675535202,105,1137.0128173828125,4.015827178955078,999,10024.4931640625,1143.8909912109375,1126.42529296875,-345.4496154785156,307.2657165527344,953.128173828125,1144.7371826171875,999,1249,748.2560424804688,-177.63809204101562,337.2868347167969,999,486.0441589355469,1156.5238037109375,1693587328.4465885,-181.54270935058594,lgp-long,mu+lambda-ga,reward-unhealthy_termination,ant,105,124900
1250,329.115478515625,1138.3680419921875,-191.9705810546875,1250,5193.010474681854,105,1145.46240234375,4.012135982513428,999,422.2919006347656,1148.872802734375,1136.0047607421875,723.0068359375,324.8548583984375,982.7371826171875,1157.1748046875,999,1250,930.5302734375,-185.6123046875,352.3982238769531,999,559.5557250976562,1164.071044921875,1693587332.5563877,-187.50975036621094,lgp-long,mu+lambda-ga,reward-unhealthy_termination,ant,105,125000
1251,260.34490966796875,1095.510498046875,-193.38272094726562,1251,5197.118510484695,105,1149.982177734375,3.991631031036377,999,309.91192626953125,1153.15966796875,1133.1026611328125,794.689453125,320.7205810546875,983.505615234375,1146.19384765625,999,1251,900.974609375,-184.3838348388672,342.828125,999,670.7047729492188,1157.102294921875,1693587336.6644235,-161.63966369628906,lgp-long,mu+lambda-ga,reward-unhealthy_termination,ant,105,125100
1252,321.20751953125,1124.618896484375,-184.1328887939453,1252,5201.226576566696,105,1123.7694091796875,3.98270583152771,999,347.47503662109375,1124.0902099609375,1086.1849365234375,718.039306640625,245.76773071289062,980.897216796875,1127.3919677734375,999,1252,853.0787353515625,-156.47720336914062,314.7430114746094,999,472.3782958984375,1142.033935546875,1693587340.7724895,-193.36376953125,lgp-long,mu+lambda-ga,reward-unhealthy_termination,ant,105,125200
1253,344.1509704589844,1148.1136474609375,-170.62403869628906,1253,5205.333643913269,105,1149.0096435546875,3.9779489040374756,999,388.1891174316406,1150.696533203125,1132.7020263671875,642.7606811523438,317.0177307128906,963.6531372070312,1121.2958984375,999,1253,695.3604736328125,-181.0911102294922,295.1190490722656,999,412.01483154296875,1151.8489990234375,1693587344.879557,-192.77574157714844,lgp-long,mu+lambda-ga,reward-unhealthy_termination,ant,105,125300
1254,317.0932312011719,1130.5286865234375,-190.710205078125,1254,5209.4440195560455,105,1128.8172607421875,3.9796245098114014,999,367.3312683105469,1134.5352783203125,1107.74560546875,668.8465576171875,279.84332275390625,964.6441040039062,1145.0443115234375,999,1254,713.3756103515625,-168.85659790039062,339.02520751953125,999,439.3165283203125,1137.86767578125,1693587348.9899325,-183.32373046875,lgp-long,mu+lambda-ga,reward-unhealthy_termination,ant,105,125400
1255,323.46575927734375,1132.5233154296875,-184.2509765625,1255,5213.553144931793,105,1107.07666015625,3.9764859676361084,999,456.1776123046875,1128.800537109375,1110.5079345703125,567.3639526367188,283.54522705078125,948.578857421875,1130.8289794921875,999,1255,684.978515625,-169.83416748046875,318.312744140625,999,312.7899169921875,1137.504150390625,1693587353.099058,-187.7067108154297,lgp-long,mu+lambda-ga,reward-unhealthy_termination,ant,105,125500
1256,306.6047058105469,1126.3074951171875,-183.97471618652344,1256,5217.658823013306,105,1148.8109130859375,4.008973121643066,999,360.1620788574219,1150.6949462890625,1134.9195556640625,673.470703125,325.8982849121094,981.9519653320312,1133.8968505859375,999,1256,711.4820556640625,-187.7317352294922,321.09588623046875,999,407.2950134277344,1152.86962890625,1693587357.204736,-177.07293701171875,lgp-long,mu+lambda-ga,reward-unhealthy_termination,ant,105,125600
1257,301.402099609375,1118.052734375,-189.74952697753906,1257,5221.768644809723,105,1119.8795166015625,4.000669956207275,999,395.75830078125,1122.3798828125,1111.9453125,689.958740234375,289.9237365722656,980.40576171875,1139.5067138671875,999,1257,811.652099609375,-174.76670837402344,332.5036926269531,999,464.1314392089844,1145.5205078125,1693587361.3145578,-180.1278533935547,lgp-long,mu+lambda-ga,reward-unhealthy_termination,ant,105,125700
1258,321.3736877441406,1130.0230712890625,-187.18504333496094,1258,5225.877299547195,105,1133.6800537109375,4.0018486976623535,999,415.0464172363281,1138.5794677734375,1120.0189208984375,585.3896484375,299.95806884765625,961.094482421875,1141.8687744140625,999,1258,596.5897827148438,-176.6923065185547,332.2983093261719,999,364.6513977050781,1142.9576416015625,1693587365.4232125,-188.10496520996094,lgp-long,mu+lambda-ga,reward-unhealthy_termination,ant,105,125800
1259,318.9925842285156,1130.2474365234375,-185.6665802001953,1259,5229.983956813812,105,1116.0533447265625,4.004181385040283,999,10025.998046875,1131.26708984375,1085.611328125,-283.3493347167969,241.9300537109375,967.2396850585938,1131.1844482421875,999,1259,754.2205810546875,-153.13516235351562,320.0838317871094,999,510.1612854003906,1146.2945556640625,1693587369.5298698,-185.52354431152344,lgp-long,mu+lambda-ga,reward-unhealthy_termination,ant,105,125900
1260,312.2886657714844,1127.8489990234375,-191.6920166015625,1260,5234.091224431992,105,1121.185546875,4.001978397369385,999,403.239501953125,1126.4635009765625,1121.7626953125,698.1350708007812,301.60797119140625,974.6407470703125,1152.1478271484375,999,1260,880.2420043945312,-176.60633850097656,347.0997619628906,999,485.5011291503906,1159.7843017578125,1693587373.6371374,-181.22337341308594,lgp-long,mu+lambda-ga,reward-unhealthy_termination,ant,105,126000
1261,323.2857360839844,1134.3564453125,-158.8826141357422,1261,5238.200416088104,105,1138.4515380859375,4.002928256988525,999,399.25689697265625,1144.41552734375,1131.91943359375,707.5377197265625,318.8718566894531,980.592041015625,1087.87841796875,999,1261,866.8304443359375,-183.72142028808594,249.9453887939453,999,482.3896179199219,1149.1668701171875,1693587377.746329,-185.6943817138672,lgp-long,mu+lambda-ga,reward-unhealthy_termination,ant,105,126100
1262,326.9153747558594,1136.4290771484375,-165.4238739013672,1262,5242.309703826904,105,1123.274169921875,4.012072563171387,999,425.4436340332031,1129.361328125,1090.7972412109375,624.1737060546875,252.7114715576172,973.637939453125,1109.2791748046875,999,1262,699.2322387695312,-158.71621704101562,277.8966369628906,999,375.2748718261719,1134.7935791015625,1693587381.8556168,-187.25486755371094,lgp-long,mu+lambda-ga,reward-unhealthy_termination,ant,105,126200
1263,273.69488525390625,1105.1007080078125,-182.1927947998047,1263,5246.417579174042,105,1116.9534912109375,4.01446008682251,999,353.173828125,1146.0545654296875,1122.7083740234375,707.5836791992188,300.5025329589844,966.4395141601562,1130.5426025390625,999,1263,832.470703125,-174.57839965820312,315.9754333496094,999,488.6383361816406,1151.4207763671875,1693587385.9634922,-165.3706512451172,lgp-long,mu+lambda-ga,reward-unhealthy_termination,ant,105,126300
1264,279.3646240234375,1107.572265625,-187.3720245361328,1264,5250.525316476822,105,1128.110595703125,4.012093544006348,999,10026.162109375,1133.4189453125,1125.4036865234375,-292.8225402832031,308.6044616699219,964.694580078125,1139.5311279296875,999,1264,785.161865234375,-179.9918975830078,330.14544677734375,999,528.2420654296875,1149.1566162109375,1693587390.0712295,-168.58482360839844,lgp-long,mu+lambda-ga,reward-unhealthy_termination,ant,105,126400
1265,326.8919982910156,1136.6314697265625,-180.54055786132812,1265,5254.63293504715,105,1146.080078125,4.014135360717773,999,260.0990905761719,1154.71435546875,1129.9439697265625,776.2426147460938,318.36529541015625,975.4481811523438,1136.180908203125,999,1265,825.4580078125,-185.1980743408203,319.9415588378906,999,578.39892578125,1158.9754638671875,1693587394.178848,-187.02005004882812,lgp-long,mu+lambda-ga,reward-unhealthy_termination,ant,105,126500
1266,329.42193603515625,1138.5291748046875,-181.01992797851562,1266,5258.741418838501,105,1112.841796875,4.014402389526367,999,349.2191162109375,1129.34765625,1102.5125732421875,726.4596557617188,276.7935485839844,980.2837524414062,1121.266845703125,999,1266,818.4970092773438,-171.083740234375,305.5015563964844,999,622.852294921875,1129.665283203125,1693587398.2873318,-187.64794921875,lgp-long,mu+lambda-ga,reward-unhealthy_termination,ant,105,126600
1267,311.2640075683594,1123.2646484375,-184.6172332763672,1267,5262.848076581955,105,1128.538330078125,4.01566219329834,999,365.3893127441406,1138.078125,1111.7412109375,688.6610717773438,286.9574279785156,974.355712890625,1132.6771240234375,999,1267,763.6910400390625,-172.01327514648438,320.5313415527344,999,474.46099853515625,1143.5198974609375,1693587402.3939896,-184.76699829101562,lgp-long,mu+lambda-ga,reward-unhealthy_termination,ant,105,126700
1268,272.77801513671875,1100.6705322265625,-181.3411102294922,1268,5266.962045907974,105,1142.160888671875,4.009890079498291,999,363.60198974609375,1144.1029052734375,1123.2847900390625,646.7839965820312,305.93585205078125,968.5130004882812,1129.090087890625,999,1268,704.4884033203125,-179.45188903808594,313.662109375,999,402.8841857910156,1144.242919921875,1693587406.507959,-168.87998962402344,lgp-long,mu+lambda-ga,reward-unhealthy_termination,ant,105,126800
1269,267.3560791015625,1100.3389892578125,-185.090576171875,1269,5271.064258098602,105,1124.0653076171875,3.9998576641082764,999,10021.9990234375,1131.6163330078125,1116.610595703125,-350.1206970214844,299.1053466796875,973.02685546875,1128.1142578125,999,1269,697.6477661132812,-179.24278259277344,316.4308776855469,999,416.3265686035156,1134.217041015625,1693587410.610171,-163.82373046875,lgp-long,mu+lambda-ga,reward-unhealthy_termination,ant,105,126900
1270,293.6383056640625,1117.5316162109375,-188.28256225585938,1270,5275.171963691711,105,1125.3712158203125,3.997129440307617,999,414.1549987792969,1138.268310546875,1124.2430419921875,617.9819946289062,304.971923828125,970.9666137695312,1131.5755615234375,999,1270,690.5789794921875,-177.50718688964844,323.09735107421875,999,352.2393798828125,1143.112060546875,1693587414.7178767,-172.88397216796875,lgp-long,mu+lambda-ga,reward-unhealthy_termination,ant,105,127000
1271,309.3877868652344,1124.909912109375,-166.2801513671875,1271,5279.284155845642,105,1117.5303955078125,3.995540142059326,999,10019.2333984375,1117.83349609375,1114.4886474609375,-386.951904296875,291.0459899902344,956.6612548828125,1103.1661376953125,999,1271,685.62451171875,-173.35655212402344,272.6455993652344,999,352.93463134765625,1130.2408447265625,1693587418.8300688,-181.2623748779297,lgp-long,mu+lambda-ga,reward-unhealthy_termination,ant,105,127100
1272,287.64166259765625,1111.0892333984375,-182.71511840820312,1272,5283.3926067352295,105,1119.7181396484375,4.000551223754883,999,358.29815673828125,1120.9671630859375,1109.864990234375,618.244140625,284.3995056152344,936.9768676757812,1130.099365234375,999,1272,637.0719604492188,-171.3396453857422,316.0475769042969,999,420.84222412109375,1135.8282470703125,1693587422.9385197,-173.3518524169922,lgp-long,mu+lambda-ga,reward-unhealthy_termination,ant,105,127200
1273,262.6432800292969,1097.3499755859375,-175.00608825683594,1273,5287.497959852219,105,1135.650390625,4.001173973083496,999,397.13336181640625,1136.2144775390625,1127.741943359375,535.41015625,308.0119323730469,854.512451171875,1124.6552734375,999,1273,520.08447265625,-177.0609130859375,302.8902587890625,999,263.8032531738281,1143.1417236328125,1693587427.0438728,-162.08677673339844,lgp-long,mu+lambda-ga,reward-unhealthy_termination,ant,105,127300
1274,244.2000732421875,1088.52685546875,-177.07266235351562,1274,5291.603910684586,105,1111.87646484375,3.9841558933258057,999,10018.1318359375,1132.6988525390625,1099.8406982421875,-399.65081787109375,268.72503662109375,962.251220703125,1126.8951416015625,999,1274,654.6685791015625,-165.6999053955078,307.1716003417969,999,358.44671630859375,1133.751220703125,1693587431.1498237,-152.5399627685547,lgp-long,mu+lambda-ga,reward-unhealthy_termination,ant,105,127400
1275,260.5959167480469,1095.5032958984375,-176.45216369628906,1275,5295.7178592681885,105,1133.13623046875,3.987356424331665,999,418.46063232421875,1138.36865234375,1130.135986328125,626.1699829101562,314.1977844238281,976.528076171875,1118.8822021484375,999,1275,688.37353515625,-180.83285522460938,298.5752868652344,999,377.65972900390625,1141.17724609375,1693587435.2637722,-161.88465881347656,lgp-long,mu+lambda-ga,reward-unhealthy_termination,ant,105,127500
1276,328.2536315917969,1137.9857177734375,-186.36192321777344,1276,5299.821745872498,105,1141.797607421875,3.994671583175659,999,14088.4140625,1145.2923583984375,1129.0860595703125,-1419.624755859375,317.1371765136719,948.9559936523438,1128.5345458984375,999,1276,643.0447998046875,-184.8173065185547,318.1230773925781,999,338.107666015625,1145.7357177734375,1693587439.3676589,-187.0315704345703,lgp-long,mu+lambda-ga,reward-unhealthy_termination,ant,105,127600
1277,278.28155517578125,1107.3897705078125,-178.57017517089844,1277,5303.930802106857,105,1128.7578125,3.979923963546753,999,407.5418701171875,1134.263427734375,1128.2711181640625,568.378173828125,313.31793212890625,929.410888671875,1126.2760009765625,999,1277,591.396728515625,-181.8238983154297,308.0377502441406,999,297.16400146484375,1140.2169189453125,1693587443.476715,-167.671630859375,lgp-long,mu+lambda-ga,reward-unhealthy_termination,ant,105,127700
1278,320.8818664550781,1131.30712890625,-177.36924743652344,1278,5308.037584066391,105,1127.869873046875,3.9714531898498535,999,349.2530212402344,1136.77001953125,1113.0384521484375,693.3843383789062,295.2291564941406,962.7749633789062,1129.529541015625,999,1278,791.1290893554688,-178.96841430664062,310.12493896484375,999,484.92913818359375,1151.511962890625,1693587447.583497,-186.3300018310547,lgp-long,mu+lambda-ga,reward-unhealthy_termination,ant,105,127800
1279,247.4349365234375,1085.8544921875,-173.62557983398438,1279,5312.045418262482,105,1115.423828125,3.9676296710968018,999,378.38494873046875,1115.5460205078125,1113.160400390625,603.8036499023438,292.3433532714844,944.3897705078125,1115.7384033203125,999,1279,648.667724609375,-175.97569274902344,292.5611267089844,999,395.93096923828125,1135.2484130859375,1693587451.5913312,-158.37779235839844,lgp-long,mu+lambda-ga,reward-unhealthy_termination,ant,105,127900
1280,298.2059020996094,1121.2515869140625,-181.7527618408203,1280,5316.055306196213,105,1136.3607177734375,3.969025135040283,999,462.52545166015625,1141.8890380859375,1131.6610107421875,582.0848999023438,318.67822265625,926.1180419921875,1128.9140625,999,1280,680.263427734375,-183.78656005859375,313.8919372558594,999,407.6350402832031,1142.3839111328125,1693587455.6012192,-173.7344970703125,lgp-long,mu+lambda-ga,reward-unhealthy_termination,ant,105,128000
1281,323.6877136230469,1132.9888916015625,-180.64634704589844,1281,5320.161263465881,105,1127.6392822265625,3.968510627746582,999,400.5769348144531,1138.6575927734375,1115.3013916015625,643.2125854492188,291.2472229003906,965.5137939453125,1127.4466552734375,999,1281,699.0545654296875,-172.73129272460938,311.3091735839844,999,375.4664306640625,1143.3670654296875,1693587459.7071764,-187.44815063476562,lgp-long,mu+lambda-ga,reward-unhealthy_termination,ant,105,128100
1282,288.1939697265625,1116.5008544921875,-162.02362060546875,1282,5324.171603679657,105,1114.3424072265625,3.9660253524780273,999,10017.19921875,1130.8443603515625,1125.099609375,-422.5057678222656,309.9444274902344,955.3193969726562,1104.63720703125,999,1282,680.565185546875,-181.6154327392578,269.8816833496094,999,227.97178649902344,1136.067138671875,1693587463.7175167,-168.46707153320312,lgp-long,mu+lambda-ga,reward-unhealthy_termination,ant,105,128200
1283,314.51641845703125,1127.4344482421875,-183.27442932128906,1283,5328.276704788208,105,1116.2236328125,3.97127103805542,999,380.3237609863281,1129.673828125,1115.02880859375,681.0778198242188,288.6181640625,974.9273071289062,1129.9140625,999,1283,799.1048583984375,-170.38397216796875,316.4375,999,477.4805603027344,1149.809326171875,1693587467.8226178,-183.8588104248047,lgp-long,mu+lambda-ga,reward-unhealthy_termination,ant,105,128300
1284,322.1332092285156,1136.674072265625,-169.1304931640625,1284,5332.385355949402,105,1149.4013671875,3.9633378982543945,999,358.40777587890625,1154.4427490234375,1148.4171142578125,642.8374633789062,340.3919372558594,961.5105590820312,1110.88330078125,999,1284,704.5367431640625,-188.7509002685547,283.24151611328125,999,412.05572509765625,1161.671142578125,1693587471.931269,-182.2386474609375,lgp-long,mu+lambda-ga,reward-unhealthy_termination,ant,105,128400
1285,316.143798828125,1129.69091796875,-180.75733947753906,1285,5336.4923412799835,105,1145.6199951171875,3.971679210662842,999,383.48211669921875,1146.080810546875,1134.2674560546875,645.6537475585938,324.077392578125,955.3561401367188,1124.1689453125,999,1285,687.6577758789062,-186.57833862304688,308.15301513671875,999,469.65576171875,1157.2822265625,1693587476.0382543,-183.20242309570312,lgp-long,mu+lambda-ga,reward-unhealthy_termination,ant,105,128500
1286,314.2052001953125,1129.450439453125,-170.74346923828125,1286,5340.601330757141,105,1134.54541015625,3.969315528869629,999,428.0929870605469,1134.893310546875,1119.5987548828125,613.6921997070312,298.6557312011719,978.7389526367188,1116.8665771484375,999,1286,668.7754516601562,-175.85704040527344,290.81536865234375,999,381.9100646972656,1136.9837646484375,1693587480.1472437,-181.5148468017578,lgp-long,mu+lambda-ga,reward-unhealthy_termination,ant,105,128600
1287,231.43545532226562,1074.927001953125,-176.03363037109375,1287,5344.708375453949,105,1114.0267333984375,3.9773623943328857,999,10023.4951171875,1114.072998046875,1120.62646484375,-335.5179138183594,299.5198669433594,964.8656005859375,1121.3447265625,999,1287,730.89404296875,-175.68040466308594,300.5817565917969,999,417.4498291015625,1129.4302978515625,1693587484.2542884,-153.3248291015625,lgp-long,mu+lambda-ga,reward-unhealthy_termination,ant,105,128700
1288,288.7102966308594,1112.761962890625,-167.43748474121094,1288,5348.817035675049,105,1136.85595703125,3.971558094024658,999,14086.42578125,1139.42578125,1126.1580810546875,-1440.4656982421875,314.35858154296875,962.2626953125,1102.6341552734375,999,1288,622.5755615234375,-184.95571899414062,273.2933654785156,999,235.91567993164062,1143.6446533203125,1693587488.3629487,-172.73374938964844,lgp-long,mu+lambda-ga,reward-unhealthy_termination,ant,105,128800
1289,265.53594970703125,1097.5103759765625,-185.59901428222656,1289,5352.923357248306,105,1131.354248046875,3.967670440673828,999,382.6914978027344,1151.03271484375,1133.2025146484375,720.0165405273438,318.8580017089844,988.7871704101562,1132.7386474609375,999,1289,858.900390625,-182.42784118652344,321.5816345214844,999,455.53753662109375,1153.6092529296875,1693587492.4692702,-164.8050079345703,lgp-long,mu+lambda-ga,reward-unhealthy_termination,ant,105,128900
1290,311.5282897949219,1128.158203125,-184.37075805664062,1290,5357.033302783966,105,1128.107666015625,3.971229314804077,999,396.8671875,1143.2791748046875,1114.031494140625,638.3795776367188,289.7428283691406,970.4791870117188,1131.868408203125,999,1290,708.9759521484375,-172.4930877685547,319.4753723144531,999,420.29156494140625,1149.7772216796875,1693587496.5792158,-180.1425018310547,lgp-long,mu+lambda-ga,reward-unhealthy_termination,ant,105,129000
1291,261.2903747558594,1099.0098876953125,-175.6796112060547,1291,5361.043166875839,105,1102.392333984375,3.971967935562134,999,326.5513916015625,1128.234619140625,1108.6605224609375,671.9744873046875,285.37872314453125,956.4593505859375,1122.65234375,999,1291,728.4994506835938,-173.5236053466797,301.5589294433594,999,462.05419921875,1149.461181640625,1693587500.5890799,-159.06948852539062,lgp-long,mu+lambda-ga,reward-unhealthy_termination,ant,105,129100
1292,306.567138671875,1126.3876953125,-160.7738800048828,1292,5365.0554831027985,105,1137.2398681640625,3.97159481048584,999,409.1556396484375,1140.0343017578125,1142.3616943359375,574.333251953125,333.9403991699219,934.7094116210938,1101.8604736328125,999,1292,640.3203125,-188.3478240966797,265.8400573730469,999,337.9757995605469,1142.5562744140625,1693587504.601396,-176.9559783935547,lgp-long,mu+lambda-ga,reward-unhealthy_termination,ant,105,129200
1293,309.21075439453125,1122.0126953125,-181.17596435546875,1293,5369.1662774086,105,1130.7904052734375,3.973302125930786,999,357.5483703613281,1133.83642578125,1125.3099365234375,697.3402099609375,313.1275939941406,974.4461059570312,1128.9532470703125,999,1293,748.1092529296875,-184.5859832763672,313.3669128417969,999,455.0670471191406,1137.186279296875,1693587508.7121904,-183.97471618652344,lgp-long,mu+lambda-ga,reward-unhealthy_termination,ant,105,129300
1294,316.12799072265625,1130.0941162109375,-181.64385986328125,1294,5373.27715420723,105,1126.5888671875,3.974642515182495,999,418.8191223144531,1136.5902099609375,1121.6470947265625,579.1903076171875,302.5413513183594,952.24072265625,1128.9967041015625,999,1294,676.6337280273438,-177.6775360107422,313.8669128417969,999,342.9947204589844,1143.2744140625,1693587512.8230672,-182.7838592529297,lgp-long,mu+lambda-ga,reward-unhealthy_termination,ant,105,129400
1295,320.4469299316406,1131.4547119140625,-182.3277587890625,1295,5377.3859713077545,105,1122.7320556640625,3.9965827465057373,999,314.0711975097656,1136.4617919921875,1120.7386474609375,698.480712890625,299.9823303222656,957.7921142578125,1134.61328125,999,1295,710.5684814453125,-176.0272674560547,320.1750793457031,999,522.997802734375,1137.059814453125,1693587516.9318843,-185.76307678222656,lgp-long,mu+lambda-ga,reward-unhealthy_termination,ant,105,129500
1296,312.3917541503906,1129.4913330078125,-176.82542419433594,1296,5381.497745513916,105,1107.0048828125,3.9977664947509766,999,357.0273742675781,1148.3260498046875,1054.1549072265625,624.7940063476562,192.32659912109375,929.2103881835938,1125.679931640625,999,1296,657.9605712890625,-134.98683166503906,305.7358093261719,999,412.9525146484375,1155.0677490234375,1693587521.0436585,-179.6712646484375,lgp-long,mu+lambda-ga,reward-unhealthy_termination,ant,105,129600
1297,308.02203369140625,1125.5452880859375,-183.73414611816406,1297,5385.605656385422,105,1133.0203857421875,4.004788875579834,999,412.6734313964844,1134.233154296875,1118.200439453125,586.5153198242188,301.012451171875,913.3658447265625,1136.454833984375,999,1297,669.719482421875,-179.581787109375,323.4275817871094,999,396.1376953125,1140.7181396484375,1693587525.1515694,-179.27850341796875,lgp-long,mu+lambda-ga,reward-unhealthy_termination,ant,105,129700
1298,262.1836853027344,1097.9832763671875,-179.65025329589844,1298,5389.717082977295,105,1126.173583984375,4.003955364227295,999,379.0839538574219,1127.369873046875,1128.20703125,667.3212280273438,318.6412353515625,962.8294067382812,1118.2109375,999,1298,708.919921875,-187.1874542236328,301.0920104980469,999,475.1104736328125,1127.938232421875,1693587529.262996,-160.99456787109375,lgp-long,mu+lambda-ga,reward-unhealthy_termination,ant,105,129800
1299,311.8623046875,1127.284423828125,-179.2333221435547,1299,5393.829132795334,105,1121.8857421875,4.005789279937744,999,326.1941223144531,1129.283935546875,1096.364501953125,707.41552734375,265.95977783203125,965.2029418945312,1125.985107421875,999,1299,762.1513671875,-166.45233154296875,308.4496765136719,999,497.08013916015625,1130.9566650390625,1693587533.3750458,-181.3706512451172,lgp-long,mu+lambda-ga,reward-unhealthy_termination,ant,105,129900
1300,319.8107604980469,1133.4188232421875,-185.846923828125,1300,5397.93843126297,105,1131.7286376953125,4.010496139526367,999,372.59637451171875,1131.8370361328125,1122.7830810546875,681.6364135742188,305.4659423828125,978.135498046875,1139.396484375,999,1300,747.4298095703125,-179.46153259277344,328.4711608886719,999,495.4461975097656,1141.9443359375,1693587537.4843442,-183.15603637695312,lgp-long,mu+lambda-ga,reward-unhealthy_termination,ant,105,130000
1301,292.7681884765625,1113.843994140625,-187.4479522705078,1301,5402.0513484478,105,1117.4169921875,4.006747245788574,999,320.009033203125,1123.4461669921875,1104.5579833984375,711.2611694335938,264.9198913574219,979.8043212890625,1134.7908935546875,999,1301,746.9532470703125,-157.2136688232422,325.48248291015625,999,511.9708251953125,1124.5399169921875,1693587541.5972614,-175.69874572753906,lgp-long,mu+lambda-ga,reward-unhealthy_termination,ant,105,130100
1302,314.03790283203125,1129.3912353515625,-187.43882751464844,1302,5406.162155151367,105,1141.291015625,4.007168292999268,999,343.781494140625,1142.354248046875,1139.216796875,743.4207763671875,331.8334655761719,993.3865966796875,1141.8623046875,999,1302,867.1575927734375,-189.37887573242188,332.5531921386719,999,622.824462890625,1161.3466796875,1693587545.7080681,-181.4197998046875,lgp-long,mu+lambda-ga,reward-unhealthy_termination,ant,105,130200
1303,284.28997802734375,1104.8126220703125,-174.4379119873047,1303,5410.2744081020355,105,1111.685546875,4.014260292053223,999,10029.0927734375,1142.7371826171875,1107.575439453125,-272.62603759765625,279.3692321777344,983.2930297851562,1119.6702880859375,999,1303,862.00244140625,-168.59959411621094,297.3200988769531,999,530.294677734375,1145.8603515625,1693587549.820321,-176.24842834472656,lgp-long,mu+lambda-ga,reward-unhealthy_termination,ant,105,130300
1304,281.873291015625,1105.4405517578125,-189.38426208496094,1304,5414.38330578804,105,1117.1209716796875,4.014065265655518,999,270.27532958984375,1118.8270263671875,1112.5201416015625,773.185302734375,283.812744140625,980.0010986328125,1132.142822265625,999,1304,875.4823608398438,-168.1029052734375,324.7800598144531,999,587.8734741210938,1130.0614013671875,1693587553.9292188,-173.2288360595703,lgp-long,mu+lambda-ga,reward-unhealthy_termination,ant,105,130400
1305,271.24517822265625,1100.999267578125,-178.13186645507812,1305,5418.491838932037,105,1109.870361328125,4.005089282989502,999,323.35577392578125,1129.602783203125,1110.1568603515625,751.1541748046875,278.6439514160156,981.6346435546875,1123.0150146484375,999,1305,870.1337280273438,-165.29661560058594,304.3813171386719,999,614.59765625,1139.4217529296875,1693587558.037752,-167.02828979492188,lgp-long,mu+lambda-ga,reward-unhealthy_termination,ant,105,130500
1306,293.1023864746094,1112.9302978515625,-175.36895751953125,1306,5422.600170135498,105,1106.0477294921875,4.007812023162842,999,10029.5634765625,1114.611572265625,1090.6341552734375,-249.7577667236328,251.6498260498047,982.8162231445312,1119.5894775390625,999,1306,865.7802734375,-157.86026000976562,298.1659240722656,999,522.3304443359375,1118.179443359375,1693587562.146083,-176.9357147216797,lgp-long,mu+lambda-ga,reward-unhealthy_termination,ant,105,130600
1307,251.96875,1091.7486572265625,-163.02671813964844,1307,5426.708246946335,105,1120.2928466796875,3.981229305267334,999,391.5956726074219,1124.147216796875,1091.6610107421875,643.0232543945312,250.5458221435547,968.1751098632812,1097.9544677734375,999,1307,719.6331787109375,-155.68544006347656,264.15753173828125,999,411.51885986328125,1124.870849609375,1693587566.25416,-156.9989013671875,lgp-long,mu+lambda-ga,reward-unhealthy_termination,ant,105,130700
1308,291.4812927246094,1115.9779052734375,-165.04852294921875,1308,5430.817755699158,105,1134.1552734375,3.9694700241088867,999,318.9403076171875,1141.4658203125,1132.6751708984375,687.8636474609375,319.5675354003906,970.0586547851562,1113.7366943359375,999,1308,731.9573974609375,-183.6719207763672,281.9974060058594,999,466.16937255859375,1150.8448486328125,1693587570.3636687,-172.2642059326172,lgp-long,mu+lambda-ga,reward-unhealthy_termination,ant,105,130800
1309,303.03656005859375,1122.5672607421875,-162.69866943359375,1309,5434.923956394196,105,1126.190185546875,3.969309091567993,999,303.61224365234375,1139.1627197265625,1124.3182373046875,711.466796875,311.7326354980469,964.5870361328125,1095.8245849609375,999,1309,752.1038818359375,-184.180908203125,261.7240905761719,999,479.39874267578125,1140.400146484375,1693587574.4698694,-177.2599334716797,lgp-long,mu+lambda-ga,reward-unhealthy_termination,ant,105,130900
1310,296.1822509765625,1117.7340087890625,-189.88975524902344,1310,5439.030705690384,105,1113.5113525390625,3.976550579071045,999,361.7564392089844,1114.412841796875,1116.2537841796875,657.4367065429688,299.2124938964844,965.072509765625,1137.0672607421875,999,1310,728.63671875,-179.74447631835938,330.20263671875,999,422.192626953125,1146.088623046875,1693587578.5766187,-175.24392700195312,lgp-long,mu+lambda-ga,reward-unhealthy_termination,ant,105,131000
1311,326.2981872558594,1136.7518310546875,-179.6969451904297,1311,5443.13996553421,105,1120.3734130859375,3.9740726947784424,999,328.2349548339844,1141.300537109375,1103.4920654296875,690.5238647460938,274.94287109375,940.9481201171875,1130.1728515625,999,1311,734.4821166992188,-168.2542724609375,313.0798645019531,999,476.2622985839844,1143.6712646484375,1693587582.6858785,-186.31480407714844,lgp-long,mu+lambda-ga,reward-unhealthy_termination,ant,105,131100
1312,303.56512451171875,1123.2562255859375,-177.299560546875,1312,5447.248272657394,105,1117.27587890625,3.9725589752197266,999,288.7288513183594,1131.6973876953125,1113.8890380859375,720.0845336914062,289.9501037597656,969.1405029296875,1128.76513671875,999,1312,716.7141723632812,-172.86769104003906,309.2973327636719,999,521.437255859375,1134.875244140625,1693587586.7941856,-177.0999298095703,lgp-long,mu+lambda-ga,reward-unhealthy_termination,ant,105,131200
1313,295.646728515625,1117.9488525390625,-183.50918579101562,1313,5451.35373544693,105,1114.2108154296875,3.974804639816284,999,363.96630859375,1116.3421630859375,1102.812744140625,640.1683959960938,276.7152404785156,973.72021484375,1133.3397216796875,999,1313,672.739990234375,-170.70811462402344,320.1130676269531,999,393.5667419433594,1128.77685546875,1693587590.8996484,-174.4983367919922,lgp-long,mu+lambda-ga,reward-unhealthy_termination,ant,105,131300
1314,289.38525390625,1115.0826416015625,-185.1642608642578,1314,5455.4615914821625,105,1119.239013671875,3.97074031829834,999,14095.2470703125,1123.9609375,1119.4345703125,-1365.394287109375,300.75146484375,951.3369140625,1130.308837890625,999,1314,693.4678955078125,-178.11099243164062,318.7205505371094,999,423.3688049316406,1127.2806396484375,1693587595.0075045,-171.09368896484375,lgp-long,mu+lambda-ga,reward-unhealthy_termination,ant,105,131400
1315,250.35903930664062,1090.712890625,-181.91278076171875,1315,5459.571393728256,105,1142.2796630859375,3.970895290374756,999,320.4165344238281,1151.33349609375,1130.978759765625,720.767822265625,319.2225341796875,971.779052734375,1137.8363037109375,999,1315,752.064697265625,-184.979736328125,322.9877624511719,999,522.49365234375,1153.4404296875,1693587599.1173067,-156.44744873046875,lgp-long,mu+lambda-ga,reward-unhealthy_termination,ant,105,131500
1316,275.25225830078125,1100.965087890625,-179.60289001464844,1316,5463.679272413254,105,1100.1015625,3.973270893096924,999,336.52740478515625,1106.8814697265625,1100.525634765625,698.3452758789062,267.4312438964844,960.463134765625,1115.8525390625,999,1316,797.1558837890625,-163.74212646484375,298.6560363769531,999,502.2372131347656,1118.9595947265625,1693587603.2251854,-171.0941619873047,lgp-long,mu+lambda-ga,reward-unhealthy_termination,ant,105,131600
1317,338.0796813964844,1147.4466552734375,-190.18682861328125,1317,5467.785711765289,105,1132.584228515625,3.964709758758545,999,316.3887023925781,1143.2613525390625,1137.4642333984375,704.7545166015625,326.2439880371094,964.6904907226562,1142.9560546875,999,1317,721.5143432617188,-185.54037475585938,336.3988037109375,999,502.6133728027344,1149.9923095703125,1693587607.3316247,-187.41107177734375,lgp-long,mu+lambda-ga,reward-unhealthy_termination,ant,105,131700
1318,332.1028747558594,1140.4427490234375,-186.26124572753906,1318,5471.89416718483,105,1133.0697021484375,3.9698259830474854,999,343.0075378417969,1133.7176513671875,1100.1805419921875,680.3336791992188,266.12176513671875,971.9873046875,1133.3260498046875,999,1318,725.043212890625,-162.76145935058594,322.83331298828125,999,476.20013427734375,1137.5921630859375,1693587611.4400802,-188.4198455810547,lgp-long,mu+lambda-ga,reward-unhealthy_termination,ant,105,131800
1319,291.5838623046875,1114.2486572265625,-180.75474548339844,1319,5476.013544082642,105,1119.37841796875,3.966564416885376,999,376.8019104003906,1133.0313720703125,1115.9547119140625,665.8043823242188,296.4568786621094,974.568359375,1128.966796875,999,1319,757.18310546875,-177.28477478027344,312.9378356933594,999,463.72222900390625,1155.335693359375,1693587615.559457,-174.13221740722656,lgp-long,mu+lambda-ga,reward-unhealthy_termination,ant,105,131900
1320,265.8587341308594,1098.9329833984375,-183.09320068359375,1320,5480.108057498932,105,1139.003662109375,3.9515209197998047,999,10028.5947265625,1141.7015380859375,1128.2772216796875,-275.5263671875,311.54071044921875,979.943359375,1126.8330078125,999,1320,865.4450073242188,-180.03367614746094,313.154541015625,999,500.260009765625,1150.97314453125,1693587619.6539705,-163.69956970214844,lgp-long,mu+lambda-ga,reward-unhealthy_termination,ant,105,132000
1321,320.07177734375,1131.17333984375,-183.41302490234375,1321,5484.215551137924,105,1134.3935546875,3.976064443588257,999,315.1950378417969,1136.2203369140625,1123.7535400390625,790.0842895507812,308.3230895996094,996.1060791015625,1133.01904296875,999,1321,945.1435546875,-181.35520935058594,319.669677734375,999,657.5977783203125,1154.6417236328125,1693587623.761464,-185.65977478027344,lgp-long,mu+lambda-ga,reward-unhealthy_termination,ant,105,132100
1322,335.56085205078125,1142.0242919921875,-192.5338592529297,1322,5488.324135303497,105,1137.54150390625,3.9767673015594482,999,313.0211486816406,1143.257080078125,1122.4036865234375,790.8912353515625,305.5147705078125,987.5517578125,1148.35546875,999,1322,941.6807861328125,-179.8899383544922,344.1248474121094,999,667.1983642578125,1149.2642822265625,1693587627.8700483,-190.29916381835938,lgp-long,mu+lambda-ga,reward-unhealthy_termination,ant,105,132200
1323,246.3738555908203,1085.84912109375,-180.89183044433594,1323,5492.432323455811,105,1123.9766845703125,3.9602184295654297,999,296.57293701171875,1124.1573486328125,1125.4912109375,782.9029541015625,313.6081237792969,993.9130249023438,1124.4315185546875,999,1323,906.1622314453125,-184.8769989013672,308.5400085449219,999,667.4808959960938,1131.6458740234375,1693587631.9782364,-157.33876037597656,lgp-long,mu+lambda-ga,reward-unhealthy_termination,ant,105,132300
1324,280.5854187011719,1109.5023193359375,-186.54017639160156,1324,5496.5393488407135,105,1119.472412109375,3.9393725395202637,999,389.2172546386719,1123.931396484375,1105.6578369140625,707.4021606445312,282.85888671875,985.383544921875,1136.6475830078125,999,1324,853.34521484375,-173.9911346435547,326.40899658203125,999,524.3195190429688,1136.4921875,1693587636.0852618,-167.87913513183594,lgp-long,mu+lambda-ga,reward-unhealthy_termination,ant,105,132400
1325,245.17724609375,1084.9691162109375,-181.8068084716797,1325,5500.647670984268,105,1132.766845703125,3.969085693359375,999,293.2911071777344,1133.204345703125,1116.3668212890625,733.4514770507812,294.1986389160156,961.745849609375,1125.7425537109375,999,1325,795.4122314453125,-174.62351989746094,310.7847595214844,999,568.1237182617188,1133.6746826171875,1693587640.193584,-157.02322387695312,lgp-long,mu+lambda-ga,reward-unhealthy_termination,ant,105,132500
1326,326.3647155761719,1139.1444091796875,-174.5547332763672,1326,5504.756049871445,105,1134.95068359375,3.9693491458892822,999,328.85675048828125,1135.3812255859375,1126.8388671875,711.6724243164062,310.12554931640625,989.7000732421875,1119.476806640625,999,1326,715.3099365234375,-180.05589294433594,297.2485656738281,999,499.0191650390625,1136.534423828125,1693587644.3019629,-183.97984313964844,lgp-long,mu+lambda-ga,reward-unhealthy_termination,ant,105,132600
1327,310.66815185546875,1126.9078369140625,-177.36314392089844,1327,5508.865723609924,105,1128.20654296875,3.9697377681732178,999,10024.2724609375,1145.96240234375,1123.2899169921875,-316.82421875,305.1590270996094,976.2881469726562,1132.2220458984375,999,1327,738.8504638671875,-178.6345672607422,312.80889892578125,999,417.73773193359375,1153.747314453125,1693587648.4116366,-180.5410614013672,lgp-long,mu+lambda-ga,reward-unhealthy_termination,ant,105,132700
1328,314.28753662109375,1126.7991943359375,-180.70684814453125,1328,5512.973682165146,105,1126.173095703125,3.9700002670288086,999,339.9284973144531,1130.3250732421875,1117.840576171875,729.6903076171875,302.3683166503906,996.4759521484375,1125.278564453125,999,1328,781.0179443359375,-181.28443908691406,309.2105407714844,999,523.4298706054688,1136.006591796875,1693587652.5195951,-184.2540740966797,lgp-long,mu+lambda-ga,reward-unhealthy_termination,ant,105,132800
1329,249.8121337890625,1090.5369873046875,-188.16357421875,1329,5517.081649303436,105,1142.5716552734375,3.9725024700164795,999,368.7615966796875,1143.0560302734375,1118.5633544921875,686.0471801757812,298.12481689453125,982.2759399414062,1141.267333984375,999,1329,791.226318359375,-176.34197998046875,332.6786804199219,999,411.9811096191406,1154.237060546875,1693587656.6275623,-156.0843963623047,lgp-long,mu+lambda-ga,reward-unhealthy_termination,ant,105,132900
1330,302.64422607421875,1122.8115234375,-169.64859008789062,1330,5521.190415143967,105,1107.0758056640625,3.9672038555145264,999,10026.326171875,1126.1558837890625,1097.1370849609375,-297.5710144042969,266.95428466796875,977.69873046875,1114.3895263671875,999,1330,778.5135498046875,-166.6204071044922,287.2607727050781,999,471.7716369628906,1139.7510986328125,1693587660.7363281,-176.60780334472656,lgp-long,mu+lambda-ga,reward-unhealthy_termination,ant,105,133000
1331,308.1453552246094,1125.8040771484375,-183.73439025878906,1331,5525.199586629868,105,1118.6820068359375,3.968053102493286,999,350.2332763671875,1136.098388671875,1112.0401611328125,735.2848510742188,287.3713684082031,993.00927734375,1135.7166748046875,999,1331,878.5056762695312,-172.1245574951172,322.68426513671875,999,507.67877197265625,1144.6668701171875,1693587664.7454996,-179.1197052001953,lgp-long,mu+lambda-ga,reward-unhealthy_termination,ant,105,133100
1332,274.11981201171875,1105.986328125,-161.81309509277344,1332,5529.20908331871,105,1107.51318359375,3.9636735916137695,999,301.51605224609375,1111.6829833984375,1100.78759765625,723.0717163085938,269.849609375,978.4805297851562,1092.0911865234375,999,1332,761.0034790039062,-165.8863067626953,257.1090393066406,999,484.9744873046875,1126.39404296875,1693587668.7549963,-164.9450225830078,lgp-long,mu+lambda-ga,reward-unhealthy_termination,ant,105,133200
1333,309.9648742675781,1127.1177978515625,-187.9358673095703,1333,5533.217663526535,105,1129.4925537109375,3.9659242630004883,999,366.92041015625,1129.8148193359375,1113.763671875,690.5191040039062,289.2569885253906,971.0769653320312,1141.6002197265625,999,1333,768.1790161132812,-172.29754638671875,332.7779235839844,999,515.304931640625,1145.0426025390625,1693587672.7635765,-179.62942504882812,lgp-long,mu+lambda-ga,reward-unhealthy_termination,ant,105,133300
1334,258.8241882324219,1097.4307861328125,-171.67530822753906,1334,5537.229089021683,105,1109.9862060546875,3.9684746265411377,999,382.2938232421875,1119.5701904296875,1069.6943359375,651.9716796875,215.2091827392578,990.8394775390625,1115.5423583984375,999,1334,693.3017578125,-142.42555236816406,290.4301452636719,999,391.0211486816406,1127.07958984375,1693587676.775002,-158.20327758789062,lgp-long,mu+lambda-ga,reward-unhealthy_termination,ant,105,133400
1335,322.5723876953125,1133.7447509765625,-182.2478485107422,1335,5541.237405061722,105,1129.9716796875,3.9644150733947754,999,400.6349182128906,1149.9521484375,1106.460693359375,622.8289794921875,276.60845947265625,966.5879516601562,1131.7889404296875,999,1335,696.62744140625,-166.9438018798828,317.2604675292969,999,373.48870849609375,1150.6572265625,1693587680.783318,-185.59768676757812,lgp-long,mu+lambda-ga,reward-unhealthy_termination,ant,105,133500
1336,279.9112243652344,1103.617919921875,-181.8514404296875,1336,5545.248694419861,105,1117.6102294921875,3.965538501739502,999,316.0274353027344,1123.8955078125,1115.1629638671875,702.3151245117188,292.7449645996094,979.6799926757812,1126.607177734375,999,1336,719.6823120117188,-174.3704833984375,311.69287109375,999,510.1636962890625,1132.0806884765625,1693587684.7946074,-173.08450317382812,lgp-long,mu+lambda-ga,reward-unhealthy_termination,ant,105,133600
1337,325.105712890625,1135.5545654296875,-183.46292114257812,1337,5549.257868766785,105,1122.578369140625,3.966707229614258,999,10028.861328125,1134.219482421875,1138.1619873046875,-281.0470275878906,327.6759948730469,992.0547485351562,1132.8812255859375,999,1337,877.941650390625,-186.2796630859375,319.5683288574219,999,517.9107666015625,1137.408935546875,1693587688.8037817,-186.29612731933594,lgp-long,mu+lambda-ga,reward-unhealthy_termination,ant,105,133700
1338,303.2581481933594,1122.0775146484375,-180.6753387451172,1338,5553.267933607101,105,1115.3880615234375,3.971137046813965,999,436.16357421875,1128.4417724609375,1116.0340576171875,646.4073486328125,294.7380065917969,974.556396484375,1129.9613037109375,999,1338,834.0720825195312,-175.4886932373047,313.86474609375,999,366.7218017578125,1152.7158203125,1693587692.8138466,-177.9634552001953,lgp-long,mu+lambda-ga,reward-unhealthy_termination,ant,105,133800
1339,310.5018005371094,1128.86083984375,-183.7681121826172,1339,5557.377534866333,105,1136.18212890625,3.969008684158325,999,393.3215026855469,1137.1102294921875,1141.9481201171875,654.37060546875,333.1335144042969,965.4510498046875,1143.355224609375,999,1339,724.4490966796875,-187.94163513183594,330.3671569824219,999,425.8994140625,1151.9930419921875,1693587696.9234478,-178.424560546875,lgp-long,mu+lambda-ga,reward-unhealthy_termination,ant,105,133900
1340,293.9594421386719,1114.71875,-156.5374755859375,1340,5561.484012126923,105,1125.537841796875,3.9698119163513184,999,338.4749450683594,1127.9794921875,1105.9847412109375,688.1345825195312,273.9734191894531,967.611572265625,1087.5511474609375,999,1340,721.6050415039062,-164.7989044189453,247.2866973876953,999,436.89898681640625,1136.3538818359375,1693587701.029925,-176.0249481201172,lgp-long,mu+lambda-ga,reward-unhealthy_termination,ant,105,134000
1341,292.5528869628906,1118.771484375,-188.4736785888672,1341,5565.594069242477,105,1120.766357421875,3.9690704345703125,999,355.8800048828125,1129.142578125,1109.1488037109375,725.182861328125,283.9481506347656,973.5380859375,1142.144287109375,999,1341,871.1397705078125,-171.5801239013672,333.8614196777344,999,509.35504150390625,1153.14697265625,1693587705.1399822,-170.5652618408203,lgp-long,mu+lambda-ga,reward-unhealthy_termination,ant,105,134100
1342,307.1637878417969,1124.73046875,-187.5413818359375,1342,5569.69992351532,105,1132.099853515625,3.9683191776275635,999,10022.2822265625,1142.715576171875,1120.6002197265625,-341.8418273925781,305.1432800292969,972.5582275390625,1136.82080078125,999,1342,751.0307006835938,-181.31692504882812,327.5887756347656,999,417.0571594238281,1148.85107421875,1693587709.2458365,-179.21336364746094,lgp-long,mu+lambda-ga,reward-unhealthy_termination,ant,105,134200
1343,328.58074951171875,1139.911865234375,-169.32940673828125,1343,5573.707730770111,105,1140.6468505859375,3.965453863143921,999,394.8768615722656,1143.1435546875,1129.6619873046875,665.6117553710938,315.34881591796875,967.6603393554688,1154.1700439453125,999,1343,696.4759521484375,-182.44522094726562,326.7306823730469,999,494.1472473144531,1164.3436279296875,1693587713.2536438,-185.42100524902344,lgp-long,mu+lambda-ga,reward-unhealthy_termination,ant,105,134300
1344,318.5841979980469,1130.8265380859375,-175.65769958496094,1344,5577.817145824432,105,1134.9234619140625,3.9730920791625977,999,394.1675109863281,1144.754638671875,1110.0875244140625,651.49365234375,285.7021179199219,966.5050048828125,1156.5965576171875,999,1344,746.44287109375,-172.43145751953125,335.4988708496094,999,419.5029602050781,1160.1968994140625,1693587717.3630588,-184.5109100341797,lgp-long,mu+lambda-ga,reward-unhealthy_termination,ant,105,134400
1345,301.9396057128906,1122.919189453125,-172.3350830078125,1345,5581.924567699432,105,1134.26953125,3.9735941886901855,999,386.888427734375,1134.9190673828125,1121.3056640625,607.7340698242188,301.576416015625,966.5485229492188,1149.1177978515625,999,1345,661.6790771484375,-177.05213928222656,324.6816711425781,999,285.3309631347656,1150.6400146484375,1693587721.4704807,-175.81365966796875,lgp-long,mu+lambda-ga,reward-unhealthy_termination,ant,105,134500
1346,297.9895935058594,1119.831787109375,-166.98391723632812,1346,5586.031821966171,105,1141.155029296875,3.9757912158966064,999,375.50897216796875,1145.75244140625,1123.4244384765625,626.6300048828125,305.2709655761719,951.891845703125,1142.9188232421875,999,1346,703.123779296875,-178.63111877441406,313.1521911621094,999,342.6322021484375,1160.0509033203125,1693587725.577735,-174.9355926513672,lgp-long,mu+lambda-ga,reward-unhealthy_termination,ant,105,134600
1347,291.3377380371094,1114.0457763671875,-159.51063537597656,1347,5590.140571594238,105,1126.5562744140625,3.9745187759399414,999,351.00250244140625,1137.661865234375,1121.617919921875,649.555908203125,304.1418762207031,950.0452880859375,1091.5384521484375,999,1347,691.0691528320312,-179.29391479492188,254.24937438964844,999,448.6001892089844,1139.7774658203125,1693587729.6864846,-174.08091735839844,lgp-long,mu+lambda-ga,reward-unhealthy_termination,ant,105,134700
1348,292.3747253417969,1117.087890625,-170.6082000732422,1348,5594.246552705765,105,1119.425048828125,3.9744606018066406,999,421.3671569824219,1122.852294921875,1119.8514404296875,574.6747436523438,298.57037353515625,963.869873046875,1144.543701171875,999,1348,611.4927978515625,-175.49034118652344,318.3863525390625,999,247.89944458007812,1158.00927734375,1693587733.7924657,-172.0754852294922,lgp-long,mu+lambda-ga,reward-unhealthy_termination,ant,105,134800
1349,349.86944580078125,1151.0640869140625,-163.6351318359375,1349,5598.355507135391,105,1137.634765625,3.974442958831787,999,331.20635986328125,1153.48388671875,1137.4300537109375,747.0916748046875,327.0438537597656,995.57177734375,1136.14306640625,999,1349,849.3064575195312,-186.33628845214844,303.0069274902344,999,542.63134765625,1160.8438720703125,1693587737.90142,-195.54104614257812,lgp-long,mu+lambda-ga,reward-unhealthy_termination,ant,105,134900
1350,328.62213134765625,1138.3282470703125,-182.59849548339844,1350,5602.463094949722,105,1132.702392578125,3.969205856323242,999,296.9002990722656,1136.916748046875,1092.5650634765625,755.710693359375,256.6295166015625,981.1470947265625,1166.6065673828125,999,1350,811.7796630859375,-160.86334228515625,352.4725341796875,999,615.9390258789062,1162.6392822265625,1693587742.009008,-187.021240234375,lgp-long,mu+lambda-ga,reward-unhealthy_termination,ant,105,135000
1351,324.365966796875,1147.5499267578125,-175.38491821289062,1351,5606.5708475112915,105,1141.2747802734375,3.973475694656372,999,350.47283935546875,1144.80517578125,1107.4486083984375,712.4832763671875,277.8451843261719,982.614013671875,1146.00537109375,999,1351,836.66650390625,-167.2021942138672,324.63970947265625,999,510.48321533203125,1152.8529052734375,1693587746.1167605,-173.5967254638672,lgp-long,mu+lambda-ga,reward-unhealthy_termination,ant,105,135100
1352,352.38214111328125,1169.6629638671875,-187.4947509765625,1352,5610.679874420166,105,1127.4609375,3.9723756313323975,999,359.2712707519531,1170.733154296875,1109.705078125,674.4122314453125,281.7101745605469,967.572265625,1177.6619873046875,999,1352,721.1322021484375,-168.7938232421875,368.4374694824219,999,447.5609130859375,1176.905029296875,1693587750.2257874,-179.4783935546875,lgp-long,mu+lambda-ga,reward-unhealthy_termination,ant,105,135200
1353,346.2402038574219,1157.733154296875,-175.49510192871094,1353,5614.78714132309,105,1144.605224609375,3.9756386280059814,999,373.0020446777344,1156.064697265625,1116.3468017578125,598.7923583984375,293.50152587890625,940.3634033203125,1157.0614013671875,999,1353,650.696044921875,-173.9369659423828,335.8062438964844,999,323.1613464355469,1161.941162109375,1693587754.3330543,-185.25315856933594,lgp-long,mu+lambda-ga,reward-unhealthy_termination,ant,105,135300
1354,340.21002197265625,1161.2115478515625,-185.58041381835938,1354,5618.8957669734955,105,1124.5263671875,3.976062059402466,999,10024.056640625,1161.01806640625,1118.73876953125,-312.1039123535156,294.9878845214844,950.5883178710938,1175.921142578125,999,1354,765.8524169921875,-173.0421905517578,364.7727966308594,999,481.2181396484375,1177.806884765625,1693587758.44168,-175.75802612304688,lgp-long,mu+lambda-ga,reward-unhealthy_termination,ant,105,135400
1355,270.03204345703125,1118.6717529296875,-175.49075317382812,1355,5623.002516508102,105,1154.42041015625,3.975163459777832,999,326.61572265625,1163.6846923828125,1133.6630859375,678.9356079101562,301.5064392089844,940.4907836914062,1151.5050048828125,999,1355,707.51123046875,-164.61155700683594,330.2095031738281,999,462.4012451171875,1168.1260986328125,1693587762.5484295,-148.16812133789062,lgp-long,mu+lambda-ga,reward-unhealthy_termination,ant,105,135500
1356,333.8285827636719,1155.2353515625,-184.20950317382812,1356,5627.11186337471,105,1144.4801025390625,3.973799228668213,999,338.94793701171875,1147.6605224609375,1133.5360107421875,666.4271850585938,304.7232971191406,939.8926391601562,1181.1107177734375,999,1356,707.672119140625,-167.97694396972656,368.57965087890625,999,473.8233337402344,1185.0653076171875,1693587766.6577764,-175.3475341796875,lgp-long,mu+lambda-ga,reward-unhealthy_termination,ant,105,135600
1357,323.17791748046875,1149.3837890625,-184.256591796875,1357,5631.50149679184,105,1167.8580322265625,4.344418525695801,999,293.7071533203125,1168.510498046875,1166.88037109375,676.3037109375,353.2898254394531,953.001220703125,1175.373779296875,999,1357,681.8424072265625,-183.12869262695312,362.89019775390625,999,449.9075927734375,1179.2647705078125,1693587771.0474098,-170.55723571777344,lgp-long,mu+lambda-ga,reward-unhealthy_termination,ant,105,135700
1358,356.9466857910156,1169.84130859375,-168.97361755371094,1358,5635.930139064789,105,1170.7532958984375,4.372523307800293,999,315.2394104003906,1171.8082275390625,1172.3909912109375,637.0947875976562,363.9609069824219,874.641357421875,1160.659423828125,999,1358,613.5286865234375,-188.2946014404297,332.848876953125,999,440.7853088378906,1185.2655029296875,1693587775.476052,-183.8508758544922,lgp-long,mu+lambda-ga,reward-unhealthy_termination,ant,105,135800
1359,354.71319580078125,1171.7213134765625,-173.49917602539062,1359,5640.136633872986,105,1166.3973388671875,4.134185791015625,999,279.7431945800781,1175.3311767578125,1166.04296875,700.0308227539062,348.54815673828125,947.9520263671875,1162.6163330078125,999,1359,706.564208984375,-179.24571228027344,339.3481140136719,999,510.31781005859375,1188.4267578125,1693587779.6825469,-179.75341796875,lgp-long,mu+lambda-ga,reward-unhealthy_termination,ant,105,135900
1360,315.5685729980469,1146.2960205078125,-176.47276306152344,1360,5644.345926523209,105,1166.63916015625,4.131455898284912,999,316.1455078125,1168.2646484375,1164.8856201171875,682.8212280273438,352.4849548339844,942.2566528320312,1166.579345703125,999,1360,701.5274047851562,-184.3424835205078,346.2882080078125,999,447.2893981933594,1179.9014892578125,1693587783.8918395,-166.0305938720703,lgp-long,mu+lambda-ga,reward-unhealthy_termination,ant,105,136000
1361,276.4424743652344,1117.23046875,-171.97891235351562,1361,5648.553674459457,105,1161.8577880859375,4.130066871643066,999,317.1423034667969,1168.129150390625,1160.9239501953125,704.6043090820312,352.6313781738281,963.8286743164062,1153.8831787109375,999,1361,731.5823364257812,-188.45205688476562,329.08038330078125,999,554.239990234375,1169.9461669921875,1693587788.0995874,-155.97413635253906,lgp-long,mu+lambda-ga,reward-unhealthy_termination,ant,105,136100
1362,348.2785949707031,1161.8792724609375,-183.8887176513672,1362,5652.76272892952,105,1165.0352783203125,4.129122257232666,999,359.82611083984375,1167.4808349609375,1144.2215576171875,660.5192260742188,314.87384033203125,937.7235107421875,1168.813720703125,999,1362,701.9729614257812,-167.409423828125,355.9804382324219,999,497.8190002441406,1172.6580810546875,1693587792.308642,-183.1462860107422,lgp-long,mu+lambda-ga,reward-unhealthy_termination,ant,105,136200
1363,352.1521911621094,1167.791748046875,-181.33326721191406,1363,5656.971151828766,105,1165.1932373046875,4.128545761108398,999,323.2130126953125,1168.3359375,1166.000244140625,701.19921875,357.40484619140625,956.8323364257812,1163.27880859375,999,1363,762.9603271484375,-188.1365966796875,347.87396240234375,999,478.3623352050781,1174.990234375,1693587796.5170648,-181.0941925048828,lgp-long,mu+lambda-ga,reward-unhealthy_termination,ant,105,136300
1364,293.625732421875,1130.505126953125,-182.5896453857422,1364,5661.179679393768,105,1161.829345703125,4.128485679626465,999,316.8188171386719,1162.76123046875,1152.9549560546875,744.618408203125,332.9612731933594,968.2378540039062,1166.6610107421875,999,1364,845.7843017578125,-176.75588989257812,352.4889831542969,999,605.2025146484375,1189.7210693359375,1693587800.7255924,-159.9217987060547,lgp-long,mu+lambda-ga,reward-unhealthy_termination,ant,105,136400
1365,338.873046875,1157.51318359375,-189.42735290527344,1365,5665.387759923935,105,1173.11962890625,4.132668495178223,999,10029.1982421875,1173.1641845703125,1170.4266357421875,-254.7488250732422,355.0528564453125,976.5094604492188,1176.423583984375,999,1365,844.5940551757812,-181.36610412597656,369.1124572753906,999,488.70648193359375,1175.392578125,1693587804.933673,-178.12428283691406,lgp-long,mu+lambda-ga,reward-unhealthy_termination,ant,105,136500
1366,365.8189392089844,1177.5263671875,-183.67555236816406,1366,5669.606189489365,105,1176.3443603515625,4.131347179412842,999,345.7181396484375,1179.284423828125,1171.341064453125,707.74951171875,362.3819885253906,974.1223754882812,1170.4549560546875,999,1366,696.6507568359375,-187.77745056152344,357.39031982421875,999,452.5579833984375,1179.2855224609375,1693587809.1521025,-185.0406036376953,lgp-long,mu+lambda-ga,reward-unhealthy_termination,ant,105,136600
1367,327.5428466796875,1151.7744140625,-160.1450653076172,1367,5673.80607509613,105,1162.3709716796875,4.111145496368408,999,411.25213623046875,1167.1917724609375,1156.1826171875,567.7554321289062,334.2890319824219,962.18896484375,1132.7830810546875,999,1367,571.513671875,-174.88108825683594,296.13970947265625,999,315.70062255859375,1177.4931640625,1693587813.351988,-172.53591918945312,lgp-long,mu+lambda-ga,reward-unhealthy_termination,ant,105,136700
1368,331.2028503417969,1150.6221923828125,-187.231201171875,1368,5678.013987541199,105,1161.908447265625,4.109348297119141,999,10016.8798828125,1167.3582763671875,1165.507080078125,-398.0474853515625,350.65838623046875,943.5775146484375,1179.1707763671875,999,1368,636.2128295898438,-181.8994598388672,369.6534118652344,999,395.2882080078125,1176.97998046875,1693587817.5599005,-177.3490753173828,lgp-long,mu+lambda-ga,reward-unhealthy_termination,ant,105,136800
1369,364.4715270996094,1169.1767578125,-184.98460388183594,1369,5682.221645116806,105,1177.5914306640625,4.108297824859619,999,407.5009765625,1177.8590087890625,1170.7503662109375,661.0824584960938,363.7526550292969,983.3614501953125,1178.1287841796875,999,1369,691.439697265625,-189.73916625976562,366.36297607421875,999,427.5855712890625,1181.82373046875,1693587821.767558,-192.02651977539062,lgp-long,mu+lambda-ga,reward-unhealthy_termination,ant,105,136900
1370,332.60418701171875,1156.1263427734375,-184.5849151611328,1370,5686.42906332016,105,1178.187744140625,4.108897686004639,999,346.6987609863281,1178.739990234375,1178.787353515625,645.3207397460938,368.91998291015625,933.748046875,1167.7313232421875,999,1370,657.4796752929688,-186.87258911132812,355.5688171386719,999,450.99395751953125,1181.054443359375,1693587825.9749763,-173.2325897216797,lgp-long,mu+lambda-ga,reward-unhealthy_termination,ant,105,137000
1371,345.9119567871094,1164.0233154296875,-171.22793579101562,1371,5690.634460687637,105,1171.6956787109375,4.112532615661621,999,334.5909423828125,1172.9156494140625,1169.305419921875,625.615478515625,360.8384704589844,878.6710205078125,1147.9107666015625,999,1371,665.8428955078125,-188.275146484375,322.35211181640625,999,408.3266296386719,1173.3248291015625,1693587830.1803737,-178.66119384765625,lgp-long,mu+lambda-ga,reward-unhealthy_termination,ant,105,137100
1372,338.01324462890625,1161.1663818359375,-189.0730438232422,1372,5694.84201836586,105,1174.382568359375,4.108238220214844,999,354.90185546875,1177.494140625,1173.3487548828125,665.2285766601562,363.6866760253906,938.9915771484375,1179.668212890625,999,1372,707.8883666992188,-187.08116149902344,371.99951171875,999,457.4124450683594,1181.0302734375,1693587834.3879313,-173.6160125732422,lgp-long,mu+lambda-ga,reward-unhealthy_termination,ant,105,137200
1373,351.63739013671875,1169.2757568359375,-170.0819091796875,1373,5699.052225112915,105,1173.69091796875,4.109158992767334,999,383.5986328125,1174.1939697265625,1158.0185546875,688.9744873046875,335.2635803222656,961.574951171875,1146.21142578125,999,1373,757.5926513671875,-174.01565551757812,319.5136413574219,999,543.8416748046875,1174.2755126953125,1693587838.598138,-179.13133239746094,lgp-long,mu+lambda-ga,reward-unhealthy_termination,ant,105,137300
1374,289.6087341308594,1122.7218017578125,-184.34930419921875,1374,5703.2603850364685,105,1172.6866455078125,4.111017227172852,999,325.9747619628906,1173.2061767578125,1160.4322509765625,687.3695068359375,343.87530517578125,948.6690673828125,1177.682861328125,999,1374,699.5692138671875,-180.20816040039062,365.2915954589844,999,453.6865539550781,1180.395263671875,1693587842.806298,-163.6653594970703,lgp-long,mu+lambda-ga,reward-unhealthy_termination,ant,105,137400
1375,343.31817626953125,1162.2825927734375,-184.28240966796875,1375,5707.467062950134,105,1166.9017333984375,4.108395099639893,999,351.8487854003906,1169.013671875,1168.58154296875,617.0040283203125,356.3611145019531,896.035400390625,1174.0828857421875,999,1375,669.7427978515625,-184.53042602539062,361.61322021484375,999,437.6104736328125,1174.49658203125,1693587847.012976,-177.81460571289062,lgp-long,mu+lambda-ga,reward-unhealthy_termination,ant,105,137500
1376,367.1371765136719,1177.3375244140625,-185.8511199951172,1376,5711.675694942474,105,1173.563720703125,4.097832679748535,999,347.7912292480469,1173.683349609375,1169.86279296875,669.4423217773438,358.7948303222656,927.8289184570312,1180.1102294921875,999,1376,695.0562133789062,-185.65988159179688,369.2227478027344,999,483.482421875,1185.8492431640625,1693587851.221608,-186.54563903808594,lgp-long,mu+lambda-ga,reward-unhealthy_termination,ant,105,137600
1377,353.83746337890625,1170.1507568359375,-184.77305603027344,1377,5715.883550405502,105,1164.1134033203125,4.107812404632568,999,333.78973388671875,1168.8509521484375,1167.1802978515625,706.9295043945312,353.3632507324219,970.2373046875,1173.2998046875,999,1377,726.75244140625,-182.92538452148438,361.32623291015625,999,474.2750244140625,1181.8629150390625,1693587855.4294634,-180.4400177001953,lgp-long,mu+lambda-ga,reward-unhealthy_termination,ant,105,137700
1378,361.42529296875,1172.0921630859375,-196.05088806152344,1378,5720.0905973911285,105,1171.530029296875,4.105714797973633,999,10024.6240234375,1174.44873046875,1171.8084716796875,-311.41632080078125,363.759033203125,967.6778564453125,1174.078369140625,999,1378,720.6995849609375,-188.6898956298828,373.3905334472656,999,463.89044189453125,1176.9228515625,1693587859.6365104,-186.07008361816406,lgp-long,mu+lambda-ga,reward-unhealthy_termination,ant,105,137800
1379,360.1550598144531,1168.140869140625,-184.3317108154297,1379,5724.2976450920105,105,1166.6395263671875,4.11400842666626,999,365.6871337890625,1168.2294921875,1161.48828125,649.70068359375,335.5733337402344,963.1176147460938,1167.2698974609375,999,1379,690.7815551757812,-170.85459899902344,354.8688659667969,999,371.5519104003906,1172.7598876953125,1693587863.843558,-188.7518768310547,lgp-long,mu+lambda-ga,reward-unhealthy_termination,ant,105,137900
1380,372.57989501953125,1180.3870849609375,-187.2910919189453,1380,5728.505051851273,105,1171.99609375,4.109773635864258,999,374.1876525878906,1183.6256103515625,1166.6328125,623.0892333984375,353.4809265136719,958.577392578125,1178.4451904296875,999,1380,671.6641235351562,-183.5961456298828,369.0020446777344,999,403.007568359375,1184.15966796875,1693587868.0509648,-188.93258666992188,lgp-long,mu+lambda-ga,reward-unhealthy_termination,ant,105,138000
1381,347.54693603515625,1166.0042724609375,-184.8961639404297,1381,5732.714253664017,105,1171.8134765625,4.109013557434082,999,375.4052734375,1180.900146484375,1174.67626953125,666.294189453125,365.6986083984375,958.6502075195312,1175.8394775390625,999,1381,703.7557373046875,-187.7611541748047,363.9879150390625,999,444.27227783203125,1188.65673828125,1693587872.2601666,-178.3010711669922,lgp-long,mu+lambda-ga,reward-unhealthy_termination,ant,105,138100
1382,352.30853271484375,1164.0947265625,-183.6763153076172,1382,5736.9242033958435,105,1169.2623291015625,4.112154960632324,999,348.0003356933594,1169.581298828125,1165.0789794921875,718.4082641601562,349.16448974609375,982.4141845703125,1168.505126953125,999,1382,759.82373046875,-180.84463500976562,355.4377136230469,999,479.28741455078125,1177.5438232421875,1693587876.4701164,-184.95809936523438,lgp-long,mu+lambda-ga,reward-unhealthy_termination,ant,105,138200
1383,354.3569641113281,1168.1185302734375,-184.63003540039062,1383,5741.134005069733,105,1164.993896484375,4.106231689453125,999,341.29107666015625,1169.5380859375,1158.0782470703125,688.6144409179688,343.5988464355469,969.900146484375,1176.8260498046875,999,1383,707.3214111328125,-182.27684020996094,364.7122497558594,999,457.37933349609375,1180.4637451171875,1693587880.679918,-183.0003662109375,lgp-long,mu+lambda-ga,reward-unhealthy_termination,ant,105,138300
1384,347.6062927246094,1163.600830078125,-177.52891540527344,1384,5745.343849658966,105,1165.4141845703125,4.108617782592773,999,364.0102233886719,1166.0465087890625,1157.3397216796875,686.2401123046875,331.32720947265625,982.560302734375,1155.4010009765625,999,1384,708.701416015625,-170.7727508544922,336.1672058105469,999,422.4419860839844,1169.1171875,1693587884.8897626,-180.77806091308594,lgp-long,mu+lambda-ga,reward-unhealthy_termination,ant,105,138400
1385,366.8373107910156,1178.2933349609375,-183.47747802734375,1385,5749.55619096756,105,1176.6748046875,4.108316898345947,999,350.72650146484375,1177.258544921875,1174.50439453125,617.2237548828125,364.6575927734375,884.05224609375,1177.8876953125,999,1385,674.346435546875,-186.89144897460938,364.610107421875,999,383.0195007324219,1181.6318359375,1693587889.102104,-185.2869110107422,lgp-long,mu+lambda-ga,reward-unhealthy_termination,ant,105,138500
1386,363.3287048339844,1171.5386962890625,-181.0865478515625,1386,5753.768720149994,105,1166.008056640625,4.123293399810791,999,352.76031494140625,1171.036865234375,1168.214111328125,655.2781372070312,356.38482666015625,967.7288208007812,1174.453369140625,999,1386,674.0079345703125,-184.9218292236328,358.7730407714844,999,446.6834411621094,1171.5526123046875,1693587893.3146331,-188.5308380126953,lgp-long,mu+lambda-ga,reward-unhealthy_termination,ant,105,138600
1387,358.8120422363281,1172.2984619140625,-182.31455993652344,1387,5757.981130599976,105,1164.441162109375,4.129939079284668,999,312.7044982910156,1172.538330078125,1170.0076904296875,711.4907836914062,359.2430114746094,971.162109375,1177.283935546875,999,1387,705.44775390625,-185.97537231445312,362.84649658203125,999,531.227294921875,1172.781005859375,1693587897.5270436,-183.2607879638672,lgp-long,mu+lambda-ga,reward-unhealthy_termination,ant,105,138700
1388,332.08203125,1154.4676513671875,-185.02439880371094,1388,5762.192506790161,105,1168.835205078125,4.134208679199219,999,354.6019287109375,1177.5992431640625,1165.4776611328125,703.3802490234375,349.8682556152344,986.2359619140625,1165.5057373046875,999,1388,748.438232421875,-181.1424560546875,353.7650146484375,999,496.32940673828125,1187.7236328125,1693587901.7384198,-174.3841094970703,lgp-long,mu+lambda-ga,reward-unhealthy_termination,ant,105,138800
1389,355.8749084472656,1167.787353515625,-184.35543823242188,1389,5766.404494762421,105,1166.9249267578125,4.14116907119751,999,337.63031005859375,1172.640380859375,1155.669189453125,713.2230834960938,337.84088134765625,968.8867797851562,1166.4951171875,999,1389,733.0970458984375,-178.9205322265625,354.10302734375,999,521.226806640625,1177.2913818359375,1693587905.9504077,-184.834716796875,lgp-long,mu+lambda-ga,reward-unhealthy_termination,ant,105,138900
1390,364.9064636230469,1173.036865234375,-183.09422302246094,1390,5770.617776632309,105,1171.8953857421875,4.142507076263428,999,317.1666564941406,1174.0538330078125,1169.03271484375,715.8777465820312,354.9314880371094,965.0357666015625,1188.1019287109375,999,1390,778.0391235351562,-182.64622497558594,374.4498596191406,999,500.5465087890625,1181.88037109375,1693587910.1636896,-188.60987854003906,lgp-long,mu+lambda-ga,reward-unhealthy_termination,ant,105,139000
1391,356.9024353027344,1169.8572998046875,-188.1561737060547,1391,5774.82979798317,105,1173.84423828125,4.136471271514893,999,329.70440673828125,1175.6778564453125,1166.5843505859375,698.60546875,355.6835632324219,949.27587890625,1170.8338623046875,999,1391,728.6796875,-185.8415069580078,362.2428894042969,999,519.1300048828125,1181.2579345703125,1693587914.375711,-183.8055877685547,lgp-long,mu+lambda-ga,reward-unhealthy_termination,ant,105,139100
1392,357.1947937011719,1173.14501953125,-184.4515838623047,1392,5779.041030406952,105,1171.1690673828125,4.139669895172119,999,342.498291015625,1175.9344482421875,1158.5592041015625,704.1781005859375,342.2705993652344,983.2449951171875,1175.6591796875,999,1392,735.841064453125,-180.47296142578125,363.35870361328125,999,474.515869140625,1177.0499267578125,1693587918.5869434,-180.8118896484375,lgp-long,mu+lambda-ga,reward-unhealthy_termination,ant,105,139200
1393,344.5307922363281,1160.791259765625,-165.28477478027344,1393,5783.251955747604,105,1164.2659912109375,4.138089179992676,999,10028.47265625,1166.0467529296875,1147.302490234375,-257.0682067871094,321.1327819824219,976.4934692382812,1136.31982421875,999,1393,784.6090698242188,-170.6109161376953,304.82708740234375,999,512.77490234375,1171.4705810546875,1693587922.7978687,-180.4824676513672,lgp-long,mu+lambda-ga,reward-unhealthy_termination,ant,105,139300
1394,320.4218444824219,1148.9925537109375,-172.39236450195312,1394,5787.464043140411,105,1172.7752685546875,4.137930870056152,999,10027.5068359375,1173.4227294921875,1178.4427490234375,-299.5086975097656,367.8365173339844,971.3112182617188,1155.361328125,999,1394,810.16748046875,-186.1319122314453,330.98760986328125,999,473.8526916503906,1179.113525390625,1693587927.0099561,-168.21385192871094,lgp-long,mu+lambda-ga,reward-unhealthy_termination,ant,105,139400
1395,358.1794128417969,1173.999267578125,-187.3746795654297,1395,5791.676021575928,105,1167.2020263671875,4.138552188873291,999,346.0157165527344,1169.99658203125,1154.7039794921875,750.689697265625,334.11328125,988.5651245117188,1167.373779296875,999,1395,857.27978515625,-176.16868591308594,358.0105895996094,999,597.0795288085938,1171.631103515625,1693587931.2219346,-180.92234802246094,lgp-long,mu+lambda-ga,reward-unhealthy_termination,ant,105,139500
1396,346.1783752441406,1163.183837890625,-187.414794921875,1396,5795.887795209885,105,1167.7860107421875,4.132153511047363,999,17178.921875,1168.8717041015625,1152.5272216796875,-2340.085693359375,330.32049560546875,944.3687744140625,1168.5440673828125,999,1396,721.46826171875,-174.57406616210938,359.2195739746094,999,441.083251953125,1173.0330810546875,1693587935.4337082,-179.7467803955078,lgp-long,mu+lambda-ga,reward-unhealthy_termination,ant,105,139600
1397,354.1658935546875,1168.101806640625,-175.52223205566406,1397,5800.100257158279,105,1172.825927734375,4.134387493133545,999,10036.1318359375,1175.01708984375,1164.2095947265625,-186.00808715820312,351.0380859375,987.086181640625,1162.9356689453125,999,1397,947.2677612304688,-183.56285095214844,341.6884765625,999,665.0677490234375,1182.23291015625,1693587939.6461701,-182.81427001953125,lgp-long,mu+lambda-ga,reward-unhealthy_termination,ant,105,139700
1398,360.0313415527344,1169.627685546875,-172.62503051757812,1398,5804.311522960663,105,1169.6944580078125,4.137631893157959,999,10028.0224609375,1174.142578125,1119.1370849609375,-284.0428771972656,283.5168762207031,982.5616455078125,1153.6390380859375,999,1398,797.3836669921875,-161.145751953125,329.4861145019531,999,474.32672119140625,1175.0120849609375,1693587943.857436,-187.15672302246094,lgp-long,mu+lambda-ga,reward-unhealthy_termination,ant,105,139800
1399,352.2093811035156,1166.376220703125,-184.8562774658203,1399,5808.524297952652,105,1170.8765869140625,4.137923240661621,999,330.5957946777344,1172.998779296875,1166.677978515625,729.5128784179688,349.6598815917969,976.9677734375,1175.2630615234375,999,1399,767.1876220703125,-179.72540283203125,363.38330078125,999,495.87921142578125,1178.690185546875,1693587948.070211,-182.5975799560547,lgp-long,mu+lambda-ga,reward-unhealthy_termination,ant,105,139900
1400,349.0323181152344,1168.112548828125,-181.60899353027344,1400,5812.733630895615,105,1175.465087890625,4.137548446655273,999,371.4591979980469,1179.848876953125,1166.3851318359375,662.7487182617188,350.6307678222656,980.4171752929688,1175.784423828125,999,1400,693.3357543945312,-181.0181884765625,360.6307373046875,999,411.6541748046875,1188.9296875,1693587952.2795439,-177.67947387695312,lgp-long,mu+lambda-ga,reward-unhealthy_termination,ant,105,140000
1401,360.21832275390625,1167.3463134765625,-174.9139862060547,1401,5816.944031238556,105,1175.6181640625,4.139785289764404,999,345.4165954589844,1176.419189453125,1170.89599609375,669.1117553710938,352.4148864746094,977.008056640625,1157.6219482421875,999,1401,692.275390625,-178.29013061523438,335.77728271484375,999,490.5224609375,1176.527587890625,1693587956.4899442,-189.60479736328125,lgp-long,mu+lambda-ga,reward-unhealthy_termination,ant,105,140100
1402,366.22796630859375,1176.992919921875,-186.0179901123047,1402,5821.155440330505,105,1168.7061767578125,4.136692047119141,999,337.99615478515625,1173.252685546875,1168.207275390625,687.6342163085938,357.9103698730469,982.1725463867188,1172.8597412109375,999,1402,703.59814453125,-186.446044921875,362.1390075683594,999,424.1405029296875,1176.7950439453125,1693587960.7013533,-185.9766082763672,lgp-long,mu+lambda-ga,reward-unhealthy_termination,ant,105,140200
1403,358.8143005371094,1169.3690185546875,-184.4933624267578,1403,5825.365545988083,105,1168.4461669921875,4.138512134552002,999,361.5343933105469,1171.3621826171875,1164.472900390625,680.55859375,347.73602294921875,977.8167724609375,1171.1619873046875,999,1403,707.7841796875,-180.01513671875,358.9070739746094,999,461.9969787597656,1175.0135498046875,1693587964.911459,-186.1927032470703,lgp-long,mu+lambda-ga,reward-unhealthy_termination,ant,105,140300
1404,359.5370788574219,1172.4471435546875,-184.67373657226562,1404,5829.5748863220215,105,1171.0546875,4.135761737823486,999,10018.5478515625,1174.2647705078125,1117.6441650390625,-380.44964599609375,285.7708435058594,939.149658203125,1174.134765625,999,1404,673.0661010742188,-164.8961639404297,362.0625,999,365.1193542480469,1174.6663818359375,1693587969.1207993,-183.83255004882812,lgp-long,mu+lambda-ga,reward-unhealthy_termination,ant,105,140400
1405,346.7201843261719,1160.3685302734375,-184.4616241455078,1405,5833.786772251129,105,1174.931884765625,4.1375346183776855,999,10029.5791015625,1180.425048828125,1170.3834228515625,-275.8913879394531,354.12286376953125,974.1267700195312,1174.7044677734375,999,1405,801.3396606445312,-180.5010528564453,362.430908203125,999,579.75390625,1181.8802490234375,1693587973.3326852,-183.10818481445312,lgp-long,mu+lambda-ga,reward-unhealthy_termination,ant,105,140500
1406,367.36724853515625,1175.4808349609375,-185.07664489746094,1406,5837.997116565704,105,1169.2095947265625,4.141447067260742,999,10022.0341796875,1172.86962890625,1164.4300537109375,-353.567138671875,352.0765686035156,959.3427734375,1164.0501708984375,999,1406,688.71728515625,-184.39463806152344,352.3793029785156,999,399.63165283203125,1175.8572998046875,1693587977.5430295,-188.6237030029297,lgp-long,mu+lambda-ga,reward-unhealthy_termination,ant,105,140600
1407,332.0846862792969,1156.1986083984375,-183.27452087402344,1407,5842.20841217041,105,1174.1591796875,4.138710021972656,999,320.83935546875,1178.509521484375,1175.968505859375,752.6591796875,363.5972900390625,980.3070068359375,1179.8218994140625,999,1407,848.890625,-184.3765106201172,366.3453674316406,999,550.5890502929688,1192.66943359375,1693587981.7543252,-172.680419921875,lgp-long,mu+lambda-ga,reward-unhealthy_termination,ant,105,140700
1408,360.3717956542969,1172.0406494140625,-184.45175170898438,1408,5846.419446706772,105,1168.315185546875,4.137180805206299,999,362.59228515625,1174.0604248046875,1154.2625732421875,703.2713623046875,332.9424743652344,982.965087890625,1175.1571044921875,999,1408,808.20361328125,-175.43960571289062,362.8597106933594,999,419.43310546875,1177.1131591796875,1693587985.9653597,-185.07957458496094,lgp-long,mu+lambda-ga,reward-unhealthy_termination,ant,105,140800
1409,374.785888671875,1183.3004150390625,-182.62498474121094,1409,5850.627412557602,105,1163.4287109375,4.138853549957275,999,10026.1044921875,1174.3992919921875,1165.4605712890625,-306.4499206542969,349.1010437011719,979.5557861328125,1163.654541015625,999,1409,741.6422119140625,-180.3856964111328,349.5338439941406,999,495.88336181640625,1175.9051513671875,1693587990.1733255,-188.23587036132812,lgp-long,mu+lambda-ga,reward-unhealthy_termination,ant,105,140900
1410,337.40557861328125,1158.876953125,-167.5983123779297,1410,5854.839715242386,105,1178.2269287109375,4.138186454772949,999,10037.3798828125,1178.5406494140625,1177.4300537109375,-195.14773559570312,363.1391906738281,1007.740478515625,1147.505126953125,999,1410,958.6318359375,-182.46202087402344,318.327880859375,999,678.6867065429688,1183.9764404296875,1693587994.3856282,-175.29620361328125,lgp-long,mu+lambda-ga,reward-unhealthy_termination,ant,105,141000
1411,357.1397399902344,1170.9622802734375,-183.67539978027344,1411,5859.049406290054,105,1171.2930908203125,4.13988733291626,999,381.5806579589844,1175.98046875,1147.37255859375,769.9659423828125,319.29083251953125,994.9266357421875,1175.4774169921875,999,1411,920.2225952148438,-168.69313049316406,362.3918762207031,999,630.2993774414062,1177.8564453125,1693587998.5953193,-182.92723083496094,lgp-long,mu+lambda-ga,reward-unhealthy_termination,ant,105,141100
1412,357.4277038574219,1168.9061279296875,-176.31321716308594,1412,5863.260844230652,105,1167.94384765625,4.140108108520508,999,330.439453125,1168.804443359375,1165.511474609375,753.5552978515625,354.43438720703125,974.64501953125,1159.4364013671875,999,1412,851.5451049804688,-185.66563415527344,338.9912109375,999,654.3565063476562,1180.6240234375,1693588002.8067572,-185.272705078125,lgp-long,mu+lambda-ga,reward-unhealthy_termination,ant,105,141200
1413,360.468017578125,1170.392333984375,-179.69384765625,1413,5867.470784902573,105,1171.3448486328125,4.142908096313477,999,10027.0703125,1173.8211669921875,1172.364013671875,-293.5305480957031,360.8002624511719,982.9769287109375,1167.203125,999,1413,714.2603759765625,-185.1867218017578,350.13629150390625,999,487.0889587402344,1181.233642578125,1693588007.016698,-186.80882263183594,lgp-long,mu+lambda-ga,reward-unhealthy_termination,ant,105,141300
1414,364.0169982910156,1174.500244140625,-186.1805877685547,1414,5871.681029558182,105,1173.19970703125,4.139863967895508,999,10022.7177734375,1178.3836669921875,1172.9820556640625,-342.3893737792969,360.2508544921875,969.6782836914062,1175.902587890625,999,1414,646.546142578125,-184.02490234375,365.3267517089844,999,468.7880859375,1184.0753173828125,1693588011.2269425,-186.26080322265625,lgp-long,mu+lambda-ga,reward-unhealthy_termination,ant,105,141400
1415,362.77740478515625,1171.78466796875,-186.69529724121094,1415,5875.889754772186,105,1179.946533203125,4.137533664703369,999,281.23736572265625,1181.418212890625,1175.7896728515625,800.195068359375,367.7715148925781,976.965087890625,1174.64501953125,999,1415,905.0562744140625,-188.715576171875,364.5994567871094,999,677.110595703125,1185.6881103515625,1693588015.4356678,-187.73167419433594,lgp-long,mu+lambda-ga,reward-unhealthy_termination,ant,105,141500
1416,350.95098876953125,1166.2156982421875,-185.97384643554688,1416,5880.101739883423,105,1169.7237548828125,4.136557102203369,999,324.3470458984375,1175.145263671875,1159.634765625,720.2450561523438,336.42572021484375,962.2175903320312,1177.0562744140625,999,1416,754.752197265625,-173.5653533935547,366.2908935546875,999,606.1177978515625,1179.567626953125,1693588019.6476529,-181.4899444580078,lgp-long,mu+lambda-ga,reward-unhealthy_termination,ant,105,141600
1417,365.6635437011719,1177.41162109375,-184.1676483154297,1417,5884.31220293045,105,1174.491455078125,4.138029098510742,999,10027.8623046875,1176.138671875,1176.4407958984375,-297.6064758300781,364.3337097167969,966.6203002929688,1176.8114013671875,999,1417,780.198974609375,-184.6387939453125,364.2257080078125,999,495.29412841796875,1186.849853515625,1693588023.858116,-184.9952392578125,lgp-long,mu+lambda-ga,reward-unhealthy_termination,ant,105,141700
1418,356.6141052246094,1167.2952880859375,-186.927490234375,1418,5888.5228588581085,105,1169.97509765625,4.135461807250977,999,10028.421875,1170.2344970703125,1150.9002685546875,-269.1264343261719,330.0972595214844,980.5220947265625,1179.15087890625,999,1418,779.3138427734375,-175.9780731201172,369.3385314941406,999,502.3205261230469,1177.5673828125,1693588028.0687718,-186.0572052001953,lgp-long,mu+lambda-ga,reward-unhealthy_termination,ant,105,141800
1419,334.29718017578125,1159.85400390625,-172.18118286132812,1419,5892.733030080795,105,1172.892333984375,4.138204097747803,999,327.1687316894531,1173.5888671875,1165.5626220703125,822.2313842773438,352.0570983886719,997.4861450195312,1159.8135986328125,999,1419,946.6885986328125,-183.2375946044922,335.22412109375,999,684.740478515625,1176.099609375,1693588032.278943,-171.222412109375,lgp-long,mu+lambda-ga,reward-unhealthy_termination,ant,105,141900
1420,371.7308044433594,1180.0906982421875,-187.9084014892578,1420,5896.943803071976,105,1180.166015625,4.137188911437988,999,338.0376281738281,1180.527099609375,1180.1331787109375,727.2738647460938,365.7792663574219,981.4745483398438,1177.7779541015625,999,1420,847.4954833984375,-182.39974975585938,368.9555358886719,999,489.8077697753906,1185.1417236328125,1693588036.489716,-188.37619018554688,lgp-long,mu+lambda-ga,reward-unhealthy_termination,ant,105,142000
1421,335.25384521484375,1158.42041015625,-180.9884796142578,1421,5901.1543934345245,105,1162.9962158203125,4.1312971115112305,999,10026.98828125,1168.7452392578125,1146.498291015625,-292.3719482421875,321.4383850097656,981.0747680664062,1165.7110595703125,999,1421,783.1522216796875,-171.7223663330078,349.9413146972656,999,504.7700500488281,1169.0159912109375,1693588040.7003064,-173.6042938232422,lgp-long,mu+lambda-ga,reward-unhealthy_termination,ant,105,142100
1422,366.93365478515625,1178.283203125,-176.90415954589844,1422,5905.364190340042,105,1170.3990478515625,4.137423515319824,999,10025.869140625,1174.838134765625,1164.3541259765625,-340.98162841796875,344.8810729980469,973.2645263671875,1166.8934326171875,999,1422,811.1385498046875,-177.2834930419922,347.01580810546875,999,376.6640930175781,1186.86181640625,1693588044.9101033,-185.3976287841797,lgp-long,mu+lambda-ga,reward-unhealthy_termination,ant,105,142200
1423,348.44293212890625,1165.602294921875,-179.1077880859375,1423,5909.574195146561,105,1171.3466796875,4.136441230773926,999,10026.7900390625,1171.350830078125,1170.864501953125,-339.9402160644531,358.6761169433594,982.0634765625,1160.8067626953125,999,1423,858.6968383789062,-184.54690551757812,343.1425476074219,999,384.0377197265625,1177.6519775390625,1693588049.1201081,-179.60595703125,lgp-long,mu+lambda-ga,reward-unhealthy_termination,ant,105,142300
1424,357.9478759765625,1169.9598388671875,-179.25364685058594,1424,5913.786303520203,105,1170.546142578125,4.138633728027344,999,14107.7998046875,1174.469482421875,1168.8558349609375,-1277.4522705078125,354.7138671875,985.02978515625,1168.6243896484375,999,1424,876.880859375,-182.5995330810547,351.0992126464844,999,480.8565979003906,1183.553955078125,1693588053.3322165,-184.7265167236328,lgp-long,mu+lambda-ga,reward-unhealthy_termination,ant,105,142400
1425,370.0294494628906,1176.96826171875,-187.2982940673828,1425,5917.99649477005,105,1173.5732421875,4.138134956359863,999,412.6074523925781,1175.2130126953125,1172.9482421875,692.3189086914062,362.5458984375,973.267822265625,1175.6112060546875,999,1425,867.005859375,-186.33541870117188,366.18218994140625,999,484.3955993652344,1182.47021484375,1693588057.5424078,-189.7954559326172,lgp-long,mu+lambda-ga,reward-unhealthy_termination,ant,105,142500
1426,362.3330993652344,1175.1715087890625,-184.69625854492188,1426,5922.207515716553,105,1166.999755859375,4.124538421630859,999,14107.07421875,1177.7115478515625,1138.4937744140625,-1281.389404296875,310.7908630371094,984.2557373046875,1168.3160400390625,999,1426,849.17333984375,-169.07577514648438,356.25830078125,999,475.9449157714844,1179.4644775390625,1693588061.7534287,-183.89686584472656,lgp-long,mu+lambda-ga,reward-unhealthy_termination,ant,105,142600
1427,348.6374816894531,1165.8472900390625,-187.1099090576172,1427,5926.418209314346,105,1167.09130859375,4.136810779571533,999,382.62982177734375,1175.4376220703125,1156.3673095703125,726.29638671875,341.2608337402344,977.1007080078125,1168.1175537109375,999,1427,922.2523193359375,-181.66075134277344,358.4835510253906,999,489.51373291015625,1182.02001953125,1693588065.9641223,-179.55442810058594,lgp-long,mu+lambda-ga,reward-unhealthy_termination,ant,105,142700
1428,358.3533630371094,1167.473876953125,-177.30686950683594,1428,5930.628851652145,105,1168.4212646484375,4.139345169067383,999,19751.658203125,1171.1280517578125,1169.5513916015625,-3246.416748046875,353.188232421875,979.2734375,1168.553466796875,999,1428,868.07666015625,-180.38414001464844,349.0914611816406,999,544.5394897460938,1177.789306640625,1693588070.1747646,-187.6298828125,lgp-long,mu+lambda-ga,reward-unhealthy_termination,ant,105,142800
1429,351.92071533203125,1161.7392578125,-186.00059509277344,1429,5934.840462207794,105,1173.622314453125,4.139503002166748,999,372.828369140625,1174.32470703125,1168.583984375,714.239990234375,357.235107421875,975.4136352539062,1171.2010498046875,999,1429,850.9107055664062,-185.40098571777344,360.4478454589844,999,470.4835205078125,1178.680419921875,1693588074.3863752,-186.9234619140625,lgp-long,mu+lambda-ga,reward-unhealthy_termination,ant,105,142900
1430,347.68231201171875,1167.3079833984375,-149.30023193359375,1430,5939.050628185272,105,1176.019775390625,4.139081001281738,999,14110.232421875,1182.7113037109375,1178.24267578125,-1256.5543212890625,371.83306884765625,975.0745849609375,1109.117919921875,999,1430,896.4751586914062,-190.33641052246094,261.6140441894531,999,511.8616027832031,1183.3243408203125,1693588078.5965412,-177.1519012451172,lgp-long,mu+lambda-ga,reward-unhealthy_termination,ant,105,143000
1431,346.4639892578125,1164.519287109375,-188.9288787841797,1431,5943.263063669205,105,1173.35986328125,4.137628555297852,999,312.47076416015625,1174.967041015625,1173.461181640625,735.23828125,360.24737548828125,967.1799926757812,1178.529541015625,999,1431,708.4310302734375,-183.5364227294922,370.7099304199219,999,510.10784912109375,1180.1243896484375,1693588082.8089767,-178.69558715820312,lgp-long,mu+lambda-ga,reward-unhealthy_termination,ant,105,143100
1432,364.4296875,1175.920166015625,-185.88882446289062,1432,5947.474335670471,105,1177.68896484375,4.136907577514648,999,372.69891357421875,1179.345703125,1168.2037353515625,655.0313720703125,356.2616882324219,964.5494384765625,1182.23974609375,999,1432,699.1595458984375,-184.7974395751953,371.382568359375,999,439.1024169921875,1186.34814453125,1693588087.0202487,-185.2490234375,lgp-long,mu+lambda-ga,reward-unhealthy_termination,ant,105,143200
1433,360.5605163574219,1171.427978515625,-184.03042602539062,1433,5951.684230327606,105,1170.5245361328125,4.1355791091918945,999,10021.736328125,1182.31396484375,1172.8233642578125,-358.405029296875,366.6969299316406,979.4078369140625,1174.9678955078125,999,1433,695.1845703125,-190.61753845214844,362.24737548828125,999,401.8389892578125,1182.3182373046875,1693588091.2301433,-185.86936950683594,lgp-long,mu+lambda-ga,reward-unhealthy_termination,ant,105,143300
1434,361.47906494140625,1170.9515380859375,-183.93443298339844,1434,5955.893803834915,105,1176.1658935546875,4.135664939880371,999,393.5743408203125,1177.4676513671875,1170.5404052734375,616.960205078125,358.7607116699219,941.0457763671875,1174.4622802734375,999,1434,687.061279296875,-184.96116638183594,361.6498718261719,999,373.7552185058594,1178.643310546875,1693588095.4397168,-187.25894165039062,lgp-long,mu+lambda-ga,reward-unhealthy_termination,ant,105,143400
1435,353.9798889160156,1164.86328125,-186.144775390625,1435,5960.103170633316,105,1167.166259765625,4.138364791870117,999,10022.275390625,1168.763916015625,1138.7113037109375,-338.75531005859375,310.3459167480469,952.84033203125,1170.3765869140625,999,1435,682.855712890625,-168.4664306640625,359.7896423339844,999,475.3415222167969,1173.6708984375,1693588099.6490836,-185.8560333251953,lgp-long,mu+lambda-ga,reward-unhealthy_termination,ant,105,143500
1436,363.4295349121094,1174.969482421875,-182.33868408203125,1436,5964.314607620239,105,1171.7919921875,4.137767791748047,999,330.03204345703125,1173.2596435546875,1166.9625244140625,738.30078125,356.7203063964844,986.4060668945312,1172.1898193359375,999,1436,775.92236328125,-186.49562072753906,357.797119140625,999,480.6357116699219,1175.748779296875,1693588103.8605206,-185.1998748779297,lgp-long,mu+lambda-ga,reward-unhealthy_termination,ant,105,143600
1437,344.2434997558594,1160.5078125,-178.66241455078125,1437,5968.5235323905945,105,1174.1614990234375,4.138346195220947,999,411.64697265625,1179.0391845703125,1171.984375,690.0117797851562,355.2913513183594,969.6160888671875,1166.3951416015625,999,1437,746.7521362304688,-180.06289672851562,348.2926940917969,999,519.3821411132812,1180.837646484375,1693588108.0694454,-180.48545837402344,lgp-long,mu+lambda-ga,reward-unhealthy_termination,ant,105,143700
1438,351.7906188964844,1166.993408203125,-183.1670379638672,1438,5972.734543800354,105,1167.4256591796875,4.136514663696289,999,351.4519958496094,1169.9715576171875,1161.1917724609375,654.514892578125,340.3531188964844,946.53173828125,1168.1610107421875,999,1438,692.4705810546875,-175.94834899902344,354.5806579589844,999,434.7920227050781,1176.8961181640625,1693588112.2804568,-181.5438690185547,lgp-long,mu+lambda-ga,reward-unhealthy_termination,ant,105,143800
1439,364.5975341796875,1171.0732421875,-179.92405700683594,1439,5976.946073055267,105,1170.9613037109375,4.137439250946045,999,363.8105773925781,1172.1807861328125,1170.384765625,710.266845703125,358.4540100097656,991.34521484375,1160.9447021484375,999,1439,738.7059326171875,-184.8026580810547,344.1101989746094,999,503.49786376953125,1173.2733154296875,1693588116.491986,-190.27407836914062,lgp-long,mu+lambda-ga,reward-unhealthy_termination,ant,105,143900
1440,352.2666320800781,1166.070556640625,-188.12791442871094,1440,5981.157611846924,105,1168.5653076171875,4.134965896606445,999,339.48797607421875,1170.6361083984375,1166.4527587890625,684.9212646484375,351.57257080078125,969.3926391601562,1170.0579833984375,999,1440,694.0350341796875,-181.86351013183594,361.44793701171875,999,552.8307495117188,1172.6441650390625,1693588120.7035248,-182.9553680419922,lgp-long,mu+lambda-ga,reward-unhealthy_termination,ant,105,144000
1441,370.671142578125,1178.2989501953125,-161.72161865234375,1441,5985.369104385376,105,1167.8848876953125,4.134410381317139,999,10021.12109375,1170.3477783203125,1153.810791015625,-380.2066345214844,333.986572265625,982.4224243164062,1130.7498779296875,999,1441,688.3364868164062,-176.9511260986328,295.6963195800781,999,377.396240234375,1175.9775390625,1693588124.9150174,-189.11135864257812,lgp-long,mu+lambda-ga,reward-unhealthy_termination,ant,105,144100
1442,361.9881896972656,1173.030517578125,-188.71151733398438,1442,5989.5797555446625,105,1179.3033447265625,4.135127067565918,999,10023.513671875,1180.449462890625,1172.453857421875,-345.4432067871094,361.66290283203125,958.2650146484375,1179.9385986328125,999,1442,718.9606323242188,-185.95567321777344,371.89801025390625,999,402.6760559082031,1182.446533203125,1693588129.1256685,-185.69993591308594,lgp-long,mu+lambda-ga,reward-unhealthy_termination,ant,105,144200
1443,371.4316101074219,1181.0682373046875,-187.18783569335938,1443,5993.790669679642,105,1178.198486328125,4.131373405456543,999,321.8714294433594,1178.4351806640625,1169.312255859375,749.1837158203125,358.1203308105469,979.91259765625,1173.7052001953125,999,1443,840.4990234375,-185.54393005371094,364.1466064453125,999,515.183837890625,1181.35009765625,1693588133.3365827,-187.1063995361328,lgp-long,mu+lambda-ga,reward-unhealthy_termination,ant,105,144300
1444,364.2458190917969,1177.8876953125,-187.25820922851562,1444,5998.002341508865,105,1172.3870849609375,4.13629674911499,999,336.012451171875,1176.658203125,1169.8797607421875,668.4112548828125,352.1126403808594,928.557373046875,1178.7010498046875,999,1444,695.3984375,-178.9771728515625,369.2244873046875,999,460.97509765625,1185.2945556640625,1693588137.5482545,-183.11138916015625,lgp-long,mu+lambda-ga,reward-unhealthy_termination,ant,105,144400
1445,369.3883972167969,1179.117431640625,-182.79002380371094,1445,6002.213896036148,105,1172.09033203125,4.13932466506958,999,351.1353759765625,1180.7901611328125,1171.048583984375,694.7509155273438,356.6746520996094,960.78857421875,1178.8233642578125,999,1445,711.1099853515625,-182.38427734375,364.874755859375,999,483.48797607421875,1183.5484619140625,1693588141.759809,-187.0120849609375,lgp-long,mu+lambda-ga,reward-unhealthy_termination,ant,105,144500
1446,370.6512145996094,1179.054443359375,-172.30113220214844,1446,6006.425099134445,105,1167.7735595703125,4.136074066162109,999,356.5722961425781,1173.4027099609375,1172.9293212890625,704.1087646484375,367.1649475097656,982.3220825195312,1153.0614013671875,999,1446,770.3333740234375,-190.9842529296875,328.576171875,999,409.0238342285156,1180.0606689453125,1693588145.971012,-188.3289031982422,lgp-long,mu+lambda-ga,reward-unhealthy_termination,ant,105,144600
1447,360.71240234375,1175.1214599609375,-172.7684783935547,1447,6010.636731863022,105,1169.5435791015625,4.134613990783691,999,369.5216064453125,1176.1318359375,1174.31005859375,697.2322998046875,367.2917175292969,972.775390625,1152.171630859375,999,1447,809.44287109375,-189.72959899902344,328.151611328125,999,486.56915283203125,1177.5159912109375,1693588150.1826448,-182.35487365722656,lgp-long,mu+lambda-ga,reward-unhealthy_termination,ant,105,144700
1448,349.93170166015625,1167.1878662109375,-183.4587860107422,1448,6014.849293708801,105,1174.5614013671875,4.137106895446777,999,337.4945068359375,1175.139404296875,1165.142333984375,705.2145385742188,347.85888671875,973.348388671875,1175.322021484375,999,1448,706.5587158203125,-179.46722412109375,362.0243835449219,999,542.937255859375,1182.4642333984375,1693588154.3952067,-179.49705505371094,lgp-long,mu+lambda-ga,reward-unhealthy_termination,ant,105,144800
1449,356.6216125488281,1171.2218017578125,-185.1385498046875,1449,6019.061133623123,105,1168.5447998046875,4.1389546394348145,999,332.9617919921875,1177.6600341796875,1159.7117919921875,715.710205078125,338.99066162109375,980.91455078125,1176.8336181640625,999,1449,743.2823486328125,-176.04298400878906,365.22930908203125,999,559.3623046875,1181.8359375,1693588158.6070466,-182.1473388671875,lgp-long,mu+lambda-ga,reward-unhealthy_termination,ant,105,144900
1450,355.868896484375,1166.3251953125,-163.1601104736328,1450,6023.27220249176,105,1171.00390625,4.134078502655029,999,273.7921142578125,1171.3896484375,1173.0672607421875,751.2908935546875,357.4498596191406,982.4830322265625,1131.5584716796875,999,1450,741.6591796875,-181.1431884765625,297.94158935546875,999,573.1902465820312,1179.9305419921875,1693588162.8181155,-186.28675842285156,lgp-long,mu+lambda-ga,reward-unhealthy_termination,ant,105,145000
1451,293.957763671875,1125.140625,-187.7843017578125,1451,6027.484204292297,105,1173.656982421875,4.139081954956055,999,335.1707458496094,1175.5810546875,1178.3402099609375,682.037353515625,369.0588073730469,973.844482421875,1173.4447021484375,999,1451,698.8663940429688,-187.44984436035156,364.4915466308594,999,436.7861328125,1177.573974609375,1693588167.0301173,-165.5973663330078,lgp-long,mu+lambda-ga,reward-unhealthy_termination,ant,105,145100
1452,364.41748046875,1175.534912109375,-182.1516876220703,1452,6031.694083929062,105,1177.5677490234375,4.136865615844727,999,303.2598876953125,1177.7230224609375,1165.0594482421875,737.9244995117188,345.7237243652344,982.490234375,1181.4493408203125,999,1452,787.750732421875,-177.40969848632812,366.848876953125,999,577.7054443359375,1182.785400390625,1693588171.239997,-185.6305694580078,lgp-long,mu+lambda-ga,reward-unhealthy_termination,ant,105,145200
1453,355.412109375,1169.554931640625,-187.50234985351562,1453,6035.903591632843,105,1173.5750732421875,4.134822845458984,999,10024.7392578125,1173.7518310546875,1144.5408935546875,-308.85284423828125,318.53448486328125,973.0477294921875,1178.5272216796875,999,1453,729.9971923828125,-170.777099609375,369.2828063964844,999,479.7023010253906,1173.958251953125,1693588175.4495046,-182.60606384277344,lgp-long,mu+lambda-ga,reward-unhealthy_termination,ant,105,145300
1454,360.00909423828125,1170.894287109375,-193.3200225830078,1454,6040.112864971161,105,1177.6680908203125,4.1373982429504395,999,306.5713806152344,1180.3763427734375,1178.15966796875,786.4038696289062,369.7494812011719,985.4827880859375,1184.2659912109375,999,1454,859.4705810546875,-188.32408142089844,380.857177734375,999,639.0784301757812,1183.9486083984375,1693588179.658778,-185.86605834960938,lgp-long,mu+lambda-ga,reward-unhealthy_termination,ant,105,145400
1455,327.83740234375,1153.235595703125,-187.7778778076172,1455,6044.320620298386,105,1178.6588134765625,4.136837005615234,999,325.62066650390625,1182.940673828125,1127.1434326171875,766.0790405273438,293.75946044921875,980.6307983398438,1180.8931884765625,999,1455,871.4290771484375,-163.39122009277344,371.9233703613281,999,607.7994384765625,1186.225830078125,1693588183.8665333,-171.3843231201172,lgp-long,mu+lambda-ga,reward-unhealthy_termination,ant,105,145500
1456,357.45343017578125,1166.6539306640625,-173.79971313476562,1456,6048.52981543541,105,1169.3404541015625,4.140902996063232,999,292.7598876953125,1170.4658203125,1165.454833984375,735.8156127929688,355.99566650390625,975.2305908203125,1164.1873779296875,999,1456,743.1968383789062,-187.287841796875,341.20281982421875,999,502.96746826171875,1174.3492431640625,1693588188.0757284,-187.53213500976562,lgp-long,mu+lambda-ga,reward-unhealthy_termination,ant,105,145600
1457,356.3294677734375,1174.57958984375,-185.46446228027344,1457,6052.737353801727,105,1161.8421630859375,4.139549255371094,999,10030.037109375,1173.770751953125,1171.510986328125,-243.6571502685547,351.9437561035156,979.5321044921875,1173.7137451171875,999,1457,832.3155517578125,-177.18637084960938,362.4173278808594,999,607.4260864257812,1177.1043701171875,1693588192.2832668,-178.50340270996094,lgp-long,mu+lambda-ga,reward-unhealthy_termination,ant,105,145700
1458,361.2572937011719,1172.5535888671875,-183.96682739257812,1458,6056.945437908173,105,1173.8802490234375,4.136285781860352,999,331.2635498046875,1177.2977294921875,1170.4776611328125,745.1537475585938,355.10211181640625,978.5187377929688,1172.806396484375,999,1458,805.7049560546875,-181.3644256591797,360.0209655761719,999,550.9285278320312,1178.1497802734375,1693588196.491351,-185.4570770263672,lgp-long,mu+lambda-ga,reward-unhealthy_termination,ant,105,145800
1459,369.33258056640625,1180.640869140625,-189.9027099609375,1459,6061.153031110764,105,1173.8345947265625,4.136675834655762,999,363.2205505371094,1180.7001953125,1174.063232421875,683.1649780273438,360.6317443847656,967.0862426757812,1177.3406982421875,999,1459,738.7054443359375,-183.3134002685547,370.50244140625,999,418.9602355957031,1181.6011962890625,1693588200.698944,-185.44064331054688,lgp-long,mu+lambda-ga,reward-unhealthy_termination,ant,105,145900
1460,350.7740478515625,1165.1478271484375,-163.69664001464844,1460,6065.361136674881,105,1174.763671875,4.139114856719971,999,333.34716796875,1177.0546875,1171.5521240234375,725.579345703125,361.0112609863281,981.7536010742188,1149.1383056640625,999,1460,744.2342529296875,-186.2062225341797,316.0459899902344,999,535.9674682617188,1178.8221435546875,1693588204.9070497,-182.37413024902344,lgp-long,mu+lambda-ga,reward-unhealthy_termination,ant,105,146000
1461,348.4012145996094,1166.2882080078125,-184.2695770263672,1461,6069.570513010025,105,1170.2623291015625,4.136673450469971,999,305.91552734375,1170.427490234375,1161.4833984375,721.4443359375,343.51300048828125,971.300048828125,1174.1593017578125,999,1461,706.8072509765625,-178.80081176757812,361.6957702636719,999,526.84619140625,1178.1370849609375,1693588209.116426,-178.85714721679688,lgp-long,mu+lambda-ga,reward-unhealthy_termination,ant,105,146100
1462,341.1464538574219,1160.8099365234375,-166.07814025878906,1462,6073.77717256546,105,1174.5970458984375,4.136437892913818,999,14106.2041015625,1176.460205078125,1169.5306396484375,-1282.80078125,359.7916259765625,979.4036865234375,1153.2117919921875,999,1462,717.7279052734375,-187.00901794433594,322.4927673339844,999,519.7493286132812,1178.6514892578125,1693588213.3230855,-177.10191345214844,lgp-long,mu+lambda-ga,reward-unhealthy_termination,ant,105,146200
1463,367.03717041015625,1173.2509765625,-184.3417205810547,1463,6077.984732866287,105,1175.14501953125,4.138976573944092,999,311.3281555175781,1175.82763671875,1166.52685546875,744.9484252929688,351.3577880859375,978.160400390625,1175.02880859375,999,1463,769.8760986328125,-181.5812225341797,362.6224060058594,999,559.4284057617188,1180.159912109375,1693588217.5306458,-190.52330017089844,lgp-long,mu+lambda-ga,reward-unhealthy_termination,ant,105,146300
1464,353.3057556152344,1171.433349609375,-155.3229522705078,1464,6082.192549943924,105,1172.097412109375,4.134193420410156,999,292.160400390625,1174.73095703125,1166.9925537109375,751.5478515625,355.006591796875,981.2780151367188,1131.0118408203125,999,1464,756.57861328125,-184.7786407470703,289.5315856933594,999,568.393310546875,1175.90869140625,1693588221.738463,-178.6359100341797,lgp-long,mu+lambda-ga,reward-unhealthy_termination,ant,105,146400
1465,307.36016845703125,1139.95458984375,-181.960693359375,1465,6086.401391983032,105,1165.27685546875,4.138706207275391,999,261.06951904296875,1167.6448974609375,1160.0030517578125,765.6069946289062,338.8007507324219,977.806884765625,1170.706298828125,999,1465,743.1365356445312,-175.56153869628906,355.8956604003906,999,585.0166625976562,1179.861328125,1693588225.947305,-164.20611572265625,lgp-long,mu+lambda-ga,reward-unhealthy_termination,ant,105,146500
1466,360.2464599609375,1172.4586181640625,-185.9974822998047,1466,6090.610392332077,105,1166.2213134765625,4.135232448577881,999,294.47784423828125,1168.9061279296875,1158.55908203125,728.684814453125,340.6968688964844,971.8068237304688,1167.8380126953125,999,1466,748.8755493164062,-178.8811492919922,357.0911560058594,999,528.2344360351562,1181.6243896484375,1693588230.1563053,-184.5309600830078,lgp-long,mu+lambda-ga,reward-unhealthy_termination,ant,105,146600
1467,347.1195373535156,1162.4298095703125,-189.20166015625,1467,6094.817703485489,105,1165.5975341796875,4.134481430053711,999,288.8480224609375,1168.0216064453125,1168.3363037109375,737.9482421875,357.2771911621094,971.40185546875,1167.6102294921875,999,1467,708.8643798828125,-185.6935272216797,360.0799255371094,999,590.3104248046875,1176.963623046875,1693588234.3636165,-181.44847106933594,lgp-long,mu+lambda-ga,reward-unhealthy_termination,ant,105,146700
1468,322.1673583984375,1152.0262451171875,-166.87533569335938,1468,6099.025371551514,105,1174.89013671875,4.13446569442749,999,319.5647888183594,1178.9927978515625,1177.965576171875,724.8687133789062,370.0246276855469,978.1343994140625,1148.4593505859375,999,1468,718.259033203125,-188.7790069580078,318.556640625,999,560.909423828125,1180.007080078125,1693588238.5712845,-166.91293334960938,lgp-long,mu+lambda-ga,reward-unhealthy_termination,ant,105,146800
1469,368.55206298828125,1177.4501953125,-192.1251678466797,1469,6103.234423398972,105,1174.4390869140625,4.116119384765625,999,334.17755126953125,1181.1690673828125,1174.98828125,732.566650390625,361.2139892578125,972.8134155273438,1177.0599365234375,999,1469,845.2626342773438,-182.98171997070312,372.4443664550781,999,564.685791015625,1182.442626953125,1693588242.7803364,-187.83787536621094,lgp-long,mu+lambda-ga,reward-unhealthy_termination,ant,105,146900
1470,374.4756774902344,1181.556396484375,-187.21273803710938,1470,6107.476961612701,105,1175.4991455078125,4.1080546379089355,999,295.8713073730469,1177.57470703125,1170.263671875,774.739990234375,360.5844421386719,983.3984375,1180.0550537109375,999,1470,900.5599365234375,-187.0673370361328,370.5282897949219,999,568.127197265625,1177.844970703125,1693588247.0228746,-189.6510772705078,lgp-long,mu+lambda-ga,reward-unhealthy_termination,ant,105,147000
1471,351.9013366699219,1163.7596435546875,-186.05393981933594,1471,6111.6508548259735,105,1167.2008056640625,4.06615686416626,999,10027.6240234375,1170.6214599609375,1170.3431396484375,-280.4576416015625,360.98876953125,981.9661865234375,1174.1361083984375,999,1471,837.19580078125,-187.38096618652344,363.44110107421875,999,496.8157958984375,1174.0958251953125,1693588251.1967678,-184.88722229003906,lgp-long,mu+lambda-ga,reward-unhealthy_termination,ant,105,147100
1472,352.6675720214844,1166.67529296875,-182.0460968017578,1472,6115.7582178115845,105,1168.510986328125,3.9743690490722656,999,297.9996337890625,1168.61376953125,1162.17529296875,804.5748901367188,346.5756530761719,982.0946044921875,1159.838623046875,999,1472,902.554443359375,-181.1578826904297,345.1323547363281,999,606.5004272460938,1169.2733154296875,1693588255.3041308,-182.7413330078125,lgp-long,mu+lambda-ga,reward-unhealthy_termination,ant,105,147200
1473,360.328857421875,1170.491455078125,-178.3159637451172,1473,6119.866286993027,105,1171.944580078125,3.977639675140381,999,323.70257568359375,1177.48095703125,1170.424072265625,738.0311279296875,357.3294372558594,984.0858154296875,1163.5218505859375,999,1473,791.4810791015625,-183.65713500976562,345.0873107910156,999,470.01776123046875,1180.855712890625,1693588259.4122,-186.58021545410156,lgp-long,mu+lambda-ga,reward-unhealthy_termination,ant,105,147300
1474,329.58770751953125,1151.7769775390625,-185.11386108398438,1474,6123.9738965034485,105,1166.654296875,3.980560064315796,999,316.41082763671875,1168.105712890625,1165.0521240234375,740.6619873046875,345.74896240234375,980.3038330078125,1172.577392578125,999,1474,817.6153564453125,-177.46527099609375,360.9337463378906,999,580.7622680664062,1174.407470703125,1693588263.5198095,-174.5821075439453,lgp-long,mu+lambda-ga,reward-unhealthy_termination,ant,105,147400
1475,358.843017578125,1172.4993896484375,-184.94659423828125,1475,6128.081550121307,105,1165.000732421875,3.979466438293457,999,313.86724853515625,1171.711669921875,1163.322509765625,716.6802978515625,349.0316162109375,986.5006103515625,1166.7357177734375,999,1475,705.135498046875,-182.4563446044922,354.9405212402344,999,578.4439086914062,1174.62451171875,1693588267.627463,-183.0985107421875,lgp-long,mu+lambda-ga,reward-unhealthy_termination,ant,105,147500
1476,367.8787536621094,1177.4376220703125,-182.92625427246094,1476,6132.190504550934,105,1170.5728759765625,3.9800050258636475,999,323.9920654296875,1176.9317626953125,1168.7301025390625,723.9713745117188,359.8592834472656,978.6763916015625,1180.3895263671875,999,1476,772.42822265625,-187.86985778808594,366.5757751464844,999,463.8249206542969,1182.174072265625,1693588271.7364175,-187.18467712402344,lgp-long,mu+lambda-ga,reward-unhealthy_termination,ant,105,147600
1477,272.52764892578125,1115.5657958984375,-160.65553283691406,1477,6136.298366546631,105,1168.9366455078125,3.9808621406555176,999,303.1074523925781,1173.612060546875,1171.537353515625,743.1967163085938,361.0641784667969,979.984375,1124.90673828125,999,1477,784.1347045898438,-186.2587890625,288.78271484375,999,551.6209716796875,1177.25244140625,1693588275.8442795,-153.76683044433594,lgp-long,mu+lambda-ga,reward-unhealthy_termination,ant,105,147700
1478,359.78997802734375,1171.8642578125,-186.07003784179688,1478,6140.405878067017,105,1176.6429443359375,3.981640100479126,999,330.7906799316406,1176.7957763671875,1171.2137451171875,722.536376953125,360.06842041015625,977.8763427734375,1175.40966796875,999,1478,767.8052368164062,-185.5897674560547,364.7411193847656,999,475.3845520019531,1179.228515625,1693588279.951791,-184.6788787841797,lgp-long,mu+lambda-ga,reward-unhealthy_termination,ant,105,147800
1479,353.7699890136719,1167.265625,-185.8277130126953,1479,6144.51517701149,105,1166.2166748046875,3.9736714363098145,999,287.0155029296875,1168.53076171875,1154.8006591796875,776.3818359375,329.7453308105469,976.81787109375,1179.171142578125,999,1479,872.4070434570312,-171.71697998046875,368.2560729980469,999,596.652587890625,1189.58251953125,1693588284.06109,-183.2550048828125,lgp-long,mu+lambda-ga,reward-unhealthy_termination,ant,105,147900
1480,366.87481689453125,1173.0714111328125,-186.00845336914062,1480,6148.62335395813,105,1171.6224365234375,3.971071243286133,999,342.0119934082031,1171.7449951171875,1164.56787109375,725.6953735351562,349.90447998046875,980.3360595703125,1174.2122802734375,999,1480,819.81298828125,-182.0911865234375,363.4713439941406,999,550.1593017578125,1179.423828125,1693588288.169267,-190.5437469482422,lgp-long,mu+lambda-ga,reward-unhealthy_termination,ant,105,148000
1481,362.90380859375,1174.3060302734375,-189.13902282714844,1481,6152.731271505356,105,1171.954833984375,3.972907781600952,999,322.0558776855469,1177.544677734375,1152.965087890625,702.6526489257812,326.1065979003906,964.5247802734375,1174.4237060546875,999,1481,706.9468994140625,-169.9194793701172,366.8330078125,999,498.0673522949219,1185.6341552734375,1693588292.2771845,-185.3468475341797,lgp-long,mu+lambda-ga,reward-unhealthy_termination,ant,105,148100
1482,357.7403259277344,1169.7764892578125,-185.45469665527344,1482,6156.838866949081,105,1176.685302734375,3.9741108417510986,999,375.8461608886719,1180.181396484375,1171.3106689453125,656.8818359375,360.4499816894531,970.3993530273438,1182.9923095703125,999,1482,699.6959228515625,-185.8872528076172,371.6968078613281,999,418.7203063964844,1182.066650390625,1693588296.38478,-184.72166442871094,lgp-long,mu+lambda-ga,reward-unhealthy_termination,ant,105,148200
1483,290.1210632324219,1122.5731201171875,-189.00405883789062,1483,6160.947144269943,105,1171.8843994140625,3.969912052154541,999,322.12347412109375,1175.8154296875,1161.3955078125,704.599365234375,339.544921875,975.0357666015625,1180.6019287109375,999,1483,706.4434814453125,-174.9115447998047,372.86944580078125,999,486.0338134765625,1184.255126953125,1693588300.4930573,-164.33038330078125,lgp-long,mu+lambda-ga,reward-unhealthy_termination,ant,105,148300
1484,353.1486511230469,1168.6165771484375,-169.95384216308594,1484,6165.055208444595,105,1169.4483642578125,3.973818302154541,999,335.1396484375,1175.2117919921875,1163.0833740234375,702.4141845703125,343.4496765136719,968.5177001953125,1144.8128662109375,999,1484,734.9066772460938,-177.13877868652344,317.9928894042969,999,498.48040771484375,1179.7392578125,1693588304.6011214,-181.28085327148438,lgp-long,mu+lambda-ga,reward-unhealthy_termination,ant,105,148400
1485,362.1490783691406,1174.4957275390625,-183.8336181640625,1485,6169.163016080856,105,1165.2513427734375,3.976917028427124,999,320.9566650390625,1178.6968994140625,1162.5177001953125,678.0996704101562,345.536865234375,958.4410400390625,1173.1495361328125,999,1485,690.945556640625,-179.78216552734375,360.24188232421875,999,432.38250732421875,1179.34716796875,1693588308.708929,-184.3974151611328,lgp-long,mu+lambda-ga,reward-unhealthy_termination,ant,105,148500
1486,358.08514404296875,1172.138916015625,-184.21104431152344,1486,6173.2730004787445,105,1168.2086181640625,3.969197988510132,999,326.6866149902344,1172.4122314453125,1165.6380615234375,708.7548217773438,357.2212829589844,975.1041259765625,1170.501220703125,999,1486,723.05029296875,-188.31175231933594,357.9735412597656,999,489.8318176269531,1173.158447265625,1693588312.8189135,-182.69036865234375,lgp-long,mu+lambda-ga,reward-unhealthy_termination,ant,105,148600
1487,354.4216003417969,1169.9879150390625,-187.69395446777344,1487,6177.382739782333,105,1172.8724365234375,4.005877494812012,999,294.08349609375,1176.1171875,1175.38232421875,757.3082885742188,361.4913330078125,968.0968017578125,1170.6971435546875,999,1487,825.682861328125,-182.86451721191406,361.64141845703125,999,648.9779052734375,1180.864990234375,1693588316.9286528,-181.18666076660156,lgp-long,mu+lambda-ga,reward-unhealthy_termination,ant,105,148700
1488,358.8746032714844,1172.6883544921875,-186.97874450683594,1488,6181.4925792217255,105,1171.46923828125,4.005625247955322,999,381.3521728515625,1171.7235107421875,1171.1717529296875,676.0882568359375,363.4147033691406,975.4266357421875,1168.9532470703125,999,1488,700.734375,-188.97119140625,359.1965026855469,999,421.522705078125,1183.3565673828125,1693588321.0384922,-182.92483520507812,lgp-long,mu+lambda-ga,reward-unhealthy_termination,ant,105,148800
1489,353.53057861328125,1166.348876953125,-186.1812286376953,1489,6185.603531837463,105,1175.820068359375,4.009034633636475,999,284.0799255371094,1176.5570068359375,1178.0902099609375,792.0962524414062,366.7575378417969,977.3261108398438,1174.31494140625,999,1489,884.840576171875,-185.39903259277344,363.75860595703125,999,690.7254638671875,1179.0091552734375,1693588325.1494448,-183.92417907714844,lgp-long,mu+lambda-ga,reward-unhealthy_termination,ant,105,148900
1490,355.8004455566406,1172.3082275390625,-182.34690856933594,1490,6189.714838981628,105,1173.6802978515625,4.0116047859191895,999,318.43878173828125,1173.8956298828125,1177.687744140625,683.7224731445312,364.2162780761719,942.6905517578125,1173.6470947265625,999,1490,697.0740966796875,-183.26536560058594,359.2399597167969,999,464.3434143066406,1176.0347900390625,1693588329.260752,-180.25494384765625,lgp-long,mu+lambda-ga,reward-unhealthy_termination,ant,105,149000
1491,370.20172119140625,1181.1185302734375,-187.85714721679688,1491,6193.8260934352875,105,1171.4847412109375,4.012185573577881,999,10024.0322265625,1176.994140625,1165.104248046875,-302.915771484375,353.28802490234375,925.1807861328125,1175.5032958984375,999,1491,699.68701171875,-184.9413299560547,366.6258239746094,999,535.4620361328125,1182.088623046875,1693588333.3720064,-185.8237762451172,lgp-long,mu+lambda-ga,reward-unhealthy_termination,ant,105,149100
1492,330.9582214355469,1151.321533203125,-172.8416748046875,1492,6197.9362671375275,105,1164.4288330078125,4.010262966156006,999,359.58856201171875,1167.361083984375,1147.8458251953125,687.1871948242188,324.9718322753906,970.0560302734375,1147.5941162109375,999,1492,766.964599609375,-173.89158630371094,323.66876220703125,999,392.49871826171875,1169.67041015625,1693588337.48218,-176.40562438964844,lgp-long,mu+lambda-ga,reward-unhealthy_termination,ant,105,149200
1493,357.0266418457031,1169.312744140625,-185.79689025878906,1493,6202.044837713242,105,1175.158935546875,4.0085625648498535,999,355.15399169921875,1177.31201171875,1173.0828857421875,696.0883178710938,354.3941650390625,973.8623046875,1181.072509765625,999,1493,773.1410522460938,-178.06881713867188,370.12847900390625,999,470.7691650390625,1182.2490234375,1693588341.5907507,-184.4611053466797,lgp-long,mu+lambda-ga,reward-unhealthy_termination,ant,105,149300
1494,362.8191833496094,1174.3822021484375,-164.6586456298828,1494,6206.1567466259,105,1168.168212890625,4.014745712280273,999,351.0289001464844,1178.3983154296875,1157.1605224609375,696.3211059570312,341.6739196777344,976.8356323242188,1130.7720947265625,999,1494,710.3331298828125,-181.28269958496094,298.66064453125,999,510.1689758300781,1187.28076171875,1693588345.7026596,-185.1851043701172,lgp-long,mu+lambda-ga,reward-unhealthy_termination,ant,105,149400
1495,347.8157043457031,1166.3148193359375,-186.6117706298828,1495,6210.26657128334,105,1175.9168701171875,4.015703201293945,999,306.1117248535156,1179.170654296875,1152.0457763671875,767.57373046875,330.370849609375,980.4144287109375,1172.6365966796875,999,1495,860.3494873046875,-175.0998077392578,362.4985656738281,999,609.8284301757812,1181.6053466796875,1693588349.8124843,-178.26316833496094,lgp-long,mu+lambda-ga,reward-unhealthy_termination,ant,105,149500
1496,361.6437072753906,1169.579833984375,-175.37181091308594,1496,6214.3760821819305,105,1160.421630859375,4.017186164855957,999,309.899658203125,1173.889404296875,1148.6282958984375,678.5757446289062,325.8211975097656,934.9428100585938,1159.7205810546875,999,1496,696.58056640625,-173.95901489257812,338.3010559082031,999,470.6138000488281,1182.7791748046875,1693588353.9219952,-188.8021697998047,lgp-long,mu+lambda-ga,reward-unhealthy_termination,ant,105,149600
1497,333.12689208984375,1158.216552734375,-169.4906768798828,1497,6218.481352567673,105,1176.3128662109375,4.011926651000977,999,353.10980224609375,1177.4532470703125,1170.2705078125,739.838134765625,355.9699401855469,978.2074584960938,1161.0439453125,999,1497,835.2162475585938,-182.4483184814453,333.7518310546875,999,585.6088256835938,1180.50732421875,1693588358.0272655,-171.6822967529297,lgp-long,mu+lambda-ga,reward-unhealthy_termination,ant,105,149700
1498,361.8925476074219,1173.57177734375,-185.93519592285156,1498,6222.591413497925,105,1170.5931396484375,4.0062665939331055,999,348.1789245605469,1176.3648681640625,1174.6085205078125,700.1319580078125,362.2357482910156,960.5152587890625,1161.9466552734375,999,1498,777.988037109375,-184.3771514892578,351.1414489746094,999,493.4977111816406,1179.556884765625,1693588362.1373265,-185.0640411376953,lgp-long,mu+lambda-ga,reward-unhealthy_termination,ant,105,149800
1499,351.7494812011719,1165.6827392578125,-186.12744140625,1499,6226.701061010361,105,1167.3853759765625,4.009585380554199,999,286.5400085449219,1169.7864990234375,1152.0770263671875,760.9976196289062,323.2207946777344,981.9660034179688,1174.4427490234375,999,1499,758.6703491210938,-167.92735290527344,363.8138732910156,999,565.0626220703125,1175.9332275390625,1693588366.246974,-182.81663513183594,lgp-long,mu+lambda-ga,reward-unhealthy_termination,ant,105,149900
